# Pulseq sequence file
# Created by PyPulseq

[VERSION]
major 1
minor 5
revision 0

[DEFINITIONS]
AdcDeadTime 0.0002 
AdcRasterTime 1e-07 
BlockDurationRaster 1e-05 
FOV 0.03 0.03 0.0003 
GradientRasterTime 1e-05 
Matrix 64 64 1 
Name bruker_gre_label 
RadiofrequencyRasterTime 1e-06 
TE 0.01 
TR 0.04 
TotalDuration 2.6688 
alpha 20 
mre_exc_freq 1000 
mre_exp_number 10 
mre_meg_cycles 1 
mre_meg_orientations z 
mre_n_timesteps 1 
nslices 1 
rf_spoiling_inc 117 
ro_duration 0.0032 
spoiler_duration 0.003 
system_grad_raster_time 1e-05 
system_max_grad 12772800 
system_max_slew 8.5152e+10 
system_rf_dead_time 0.0001 
system_rf_ringdown_time 2e-05 

# Format of blocks:
# NUM DUR RF  GX  GY  GZ  ADC  EXT
[BLOCKS]
  1  10   0   0   0   0  0  1
  2 316   1   0   0   1  0  0
  3  50   0   0   0   2  0  0
  4  50   0   0   0   3  0  0
  5 100   0   4   5   6  0  0
  6 484   0   0   0   0  0  0
  7 360   0   7   0   0  1  0
  8 300   0   8   9  10  0  0
  9 2500   0   0   0   0  0  0
 10  10   0   0   0   0  0  1
 11 316   2   0   0   1  0  0
 12  50   0   0   0   2  0  0
 13  50   0   0   0   3  0  0
 14 100   0   4  11   6  0  0
 15 484   0   0   0   0  0  0
 16 360   0   7   0   0  2  0
 17 300   0   8  12  10  0  0
 18 2500   0   0   0   0  0  0
 19  10   0   0   0   0  0  1
 20 316   3   0   0   1  0  0
 21  50   0   0   0   2  0  0
 22  50   0   0   0   3  0  0
 23 100   0   4  13   6  0  0
 24 484   0   0   0   0  0  0
 25 360   0   7   0   0  3  0
 26 300   0   8  14  10  0  0
 27 2500   0   0   0   0  0  0
 28  10   0   0   0   0  0  1
 29 316   4   0   0   1  0  0
 30  50   0   0   0   2  0  0
 31  50   0   0   0   3  0  0
 32 100   0   4  15   6  0  0
 33 484   0   0   0   0  0  0
 34 360   0   7   0   0  4  0
 35 300   0   8  16  10  0  0
 36 2500   0   0   0   0  0  0
 37  10   0   0   0   0  0  1
 38 316   5   0   0   1  0  0
 39  50   0   0   0   2  0  0
 40  50   0   0   0   3  0  0
 41 100   0   4  17   6  0  0
 42 484   0   0   0   0  0  0
 43 360   0   7   0   0  5  0
 44 300   0   8  18  10  0  0
 45 2500   0   0   0   0  0  0
 46  10   0   0   0   0  0  1
 47 316   6   0   0   1  0  0
 48  50   0   0   0   2  0  0
 49  50   0   0   0   3  0  0
 50 100   0   4  19   6  0  0
 51 484   0   0   0   0  0  0
 52 360   0   7   0   0  6  0
 53 300   0   8  20  10  0  0
 54 2500   0   0   0   0  0  0
 55  10   0   0   0   0  0  1
 56 316   7   0   0   1  0  0
 57  50   0   0   0   2  0  0
 58  50   0   0   0   3  0  0
 59 100   0   4  21   6  0  0
 60 484   0   0   0   0  0  0
 61 360   0   7   0   0  7  0
 62 300   0   8  22  10  0  0
 63 2500   0   0   0   0  0  0
 64  10   0   0   0   0  0  1
 65 316   8   0   0   1  0  0
 66  50   0   0   0   2  0  0
 67  50   0   0   0   3  0  0
 68 100   0   4  23   6  0  0
 69 484   0   0   0   0  0  0
 70 360   0   7   0   0  8  0
 71 300   0   8  24  10  0  0
 72 2500   0   0   0   0  0  0
 73  10   0   0   0   0  0  1
 74 316   9   0   0   1  0  0
 75  50   0   0   0   2  0  0
 76  50   0   0   0   3  0  0
 77 100   0   4  25   6  0  0
 78 484   0   0   0   0  0  0
 79 360   0   7   0   0  9  0
 80 300   0   8  26  10  0  0
 81 2500   0   0   0   0  0  0
 82  10   0   0   0   0  0  1
 83 316  10   0   0   1  0  0
 84  50   0   0   0   2  0  0
 85  50   0   0   0   3  0  0
 86 100   0   4  27   6  0  0
 87 484   0   0   0   0  0  0
 88 360   0   7   0   0 10  0
 89 300   0   8  28  10  0  0
 90 2500   0   0   0   0  0  0
 91  10   0   0   0   0  0  1
 92 316   6   0   0   1  0  0
 93  50   0   0   0   2  0  0
 94  50   0   0   0   3  0  0
 95 100   0   4  29   6  0  0
 96 484   0   0   0   0  0  0
 97 360   0   7   0   0  6  0
 98 300   0   8  30  10  0  0
 99 2500   0   0   0   0  0  0
100  10   0   0   0   0  0  1
101 316  11   0   0   1  0  0
102  50   0   0   0   2  0  0
103  50   0   0   0   3  0  0
104 100   0   4  31   6  0  0
105 484   0   0   0   0  0  0
106 360   0   7   0   0 11  0
107 300   0   8  32  10  0  0
108 2500   0   0   0   0  0  0
109  10   0   0   0   0  0  1
110 316  12   0   0   1  0  0
111  50   0   0   0   2  0  0
112  50   0   0   0   3  0  0
113 100   0   4  33   6  0  0
114 484   0   0   0   0  0  0
115 360   0   7   0   0 12  0
116 300   0   8  34  10  0  0
117 2500   0   0   0   0  0  0
118  10   0   0   0   0  0  1
119 316  13   0   0   1  0  0
120  50   0   0   0   2  0  0
121  50   0   0   0   3  0  0
122 100   0   4  35   6  0  0
123 484   0   0   0   0  0  0
124 360   0   7   0   0 13  0
125 300   0   8  36  10  0  0
126 2500   0   0   0   0  0  0
127  10   0   0   0   0  0  1
128 316  14   0   0   1  0  0
129  50   0   0   0   2  0  0
130  50   0   0   0   3  0  0
131 100   0   4  37   6  0  0
132 484   0   0   0   0  0  0
133 360   0   7   0   0 14  0
134 300   0   8  38  10  0  0
135 2500   0   0   0   0  0  0
136  10   0   0   0   0  0  1
137 316   1   0   0   1  0  0
138  50   0   0   0   2  0  0
139  50   0   0   0   3  0  0
140 100   0   4  39   6  0  0
141 484   0   0   0   0  0  0
142 360   0   7   0   0  1  0
143 300   0   8  40  10  0  0
144 2500   0   0   0   0  0  0
145  10   0   0   0   0  0  1
146 316  15   0   0   1  0  0
147  50   0   0   0   2  0  0
148  50   0   0   0   3  0  0
149 100   0   4  41   6  0  0
150 484   0   0   0   0  0  0
151 360   0   7   0   0 15  0
152 300   0   8  42  10  0  0
153 2500   0   0   0   0  0  0
154  10   0   0   0   0  0  1
155 316  16   0   0   1  0  0
156  50   0   0   0   2  0  0
157  50   0   0   0   3  0  0
158 100   0   4  43   6  0  0
159 484   0   0   0   0  0  0
160 360   0   7   0   0 16  0
161 300   0   8  44  10  0  0
162 2500   0   0   0   0  0  0
163  10   0   0   0   0  0  1
164 316  13   0   0   1  0  0
165  50   0   0   0   2  0  0
166  50   0   0   0   3  0  0
167 100   0   4  45   6  0  0
168 484   0   0   0   0  0  0
169 360   0   7   0   0 13  0
170 300   0   8  46  10  0  0
171 2500   0   0   0   0  0  0
172  10   0   0   0   0  0  1
173 316  17   0   0   1  0  0
174  50   0   0   0   2  0  0
175  50   0   0   0   3  0  0
176 100   0   4  47   6  0  0
177 484   0   0   0   0  0  0
178 360   0   7   0   0 17  0
179 300   0   8  48  10  0  0
180 2500   0   0   0   0  0  0
181  10   0   0   0   0  0  1
182 316   5   0   0   1  0  0
183  50   0   0   0   2  0  0
184  50   0   0   0   3  0  0
185 100   0   4  49   6  0  0
186 484   0   0   0   0  0  0
187 360   0   7   0   0  5  0
188 300   0   8  50  10  0  0
189 2500   0   0   0   0  0  0
190  10   0   0   0   0  0  1
191 316  18   0   0   1  0  0
192  50   0   0   0   2  0  0
193  50   0   0   0   3  0  0
194 100   0   4  51   6  0  0
195 484   0   0   0   0  0  0
196 360   0   7   0   0 18  0
197 300   0   8  52  10  0  0
198 2500   0   0   0   0  0  0
199  10   0   0   0   0  0  1
200 316  19   0   0   1  0  0
201  50   0   0   0   2  0  0
202  50   0   0   0   3  0  0
203 100   0   4  53   6  0  0
204 484   0   0   0   0  0  0
205 360   0   7   0   0 19  0
206 300   0   8  54  10  0  0
207 2500   0   0   0   0  0  0
208  10   0   0   0   0  0  1
209 316   9   0   0   1  0  0
210  50   0   0   0   2  0  0
211  50   0   0   0   3  0  0
212 100   0   4  55   6  0  0
213 484   0   0   0   0  0  0
214 360   0   7   0   0  9  0
215 300   0   8  56  10  0  0
216 2500   0   0   0   0  0  0
217  10   0   0   0   0  0  1
218 316  20   0   0   1  0  0
219  50   0   0   0   2  0  0
220  50   0   0   0   3  0  0
221 100   0   4  57   6  0  0
222 484   0   0   0   0  0  0
223 360   0   7   0   0 20  0
224 300   0   8  58  10  0  0
225 2500   0   0   0   0  0  0
226  10   0   0   0   0  0  1
227 316  10   0   0   1  0  0
228  50   0   0   0   2  0  0
229  50   0   0   0   3  0  0
230 100   0   4  59   6  0  0
231 484   0   0   0   0  0  0
232 360   0   7   0   0 10  0
233 300   0   8  60  10  0  0
234 2500   0   0   0   0  0  0
235  10   0   0   0   0  0  1
236 316  18   0   0   1  0  0
237  50   0   0   0   2  0  0
238  50   0   0   0   3  0  0
239 100   0   4  61   6  0  0
240 484   0   0   0   0  0  0
241 360   0   7   0   0 18  0
242 300   0   8  62  10  0  0
243 2500   0   0   0   0  0  0
244  10   0   0   0   0  0  1
245 316  21   0   0   1  0  0
246  50   0   0   0   2  0  0
247  50   0   0   0   3  0  0
248 100   0   4  63   6  0  0
249 484   0   0   0   0  0  0
250 360   0   7   0   0 21  0
251 300   0   8  64  10  0  0
252 2500   0   0   0   0  0  0
253  10   0   0   0   0  0  1
254 316   4   0   0   1  0  0
255  50   0   0   0   2  0  0
256  50   0   0   0   3  0  0
257 100   0   4  65   6  0  0
258 484   0   0   0   0  0  0
259 360   0   7   0   0  4  0
260 300   0   8  66  10  0  0
261 2500   0   0   0   0  0  0
262  10   0   0   0   0  0  1
263 316  22   0   0   1  0  0
264  50   0   0   0   2  0  0
265  50   0   0   0   3  0  0
266 100   0   4  67   6  0  0
267 484   0   0   0   0  0  0
268 360   0   7   0   0 22  0
269 300   0   8  68  10  0  0
270 2500   0   0   0   0  0  0
271  10   0   0   0   0  0  1
272 316  14   0   0   1  0  0
273  50   0   0   0   2  0  0
274  50   0   0   0   3  0  0
275 100   0   4  69   6  0  0
276 484   0   0   0   0  0  0
277 360   0   7   0   0 14  0
278 300   0   8  70  10  0  0
279 2500   0   0   0   0  0  0
280  10   0   0   0   0  0  1
281 316  15   0   0   1  0  0
282  50   0   0   0   2  0  0
283  50   0   0   0   3  0  0
284 100   0   4  71   6  0  0
285 484   0   0   0   0  0  0
286 360   0   7   0   0 15  0
287 300   0   8  72  10  0  0
288 2500   0   0   0   0  0  0
289  10   0   0   0   0  0  1
290 316  23   0   0   1  0  0
291  50   0   0   0   2  0  0
292  50   0   0   0   3  0  0
293 100   0   4  72   6  0  0
294 484   0   0   0   0  0  0
295 360   0   7   0   0 23  0
296 300   0   8  71  10  0  0
297 2500   0   0   0   0  0  0
298  10   0   0   0   0  0  1
299 316   2   0   0   1  0  0
300  50   0   0   0   2  0  0
301  50   0   0   0   3  0  0
302 100   0   4  70   6  0  0
303 484   0   0   0   0  0  0
304 360   0   7   0   0  2  0
305 300   0   8  69  10  0  0
306 2500   0   0   0   0  0  0
307  10   0   0   0   0  0  1
308 316  22   0   0   1  0  0
309  50   0   0   0   2  0  0
310  50   0   0   0   3  0  0
311 100   0   4  68   6  0  0
312 484   0   0   0   0  0  0
313 360   0   7   0   0 22  0
314 300   0   8  67  10  0  0
315 2500   0   0   0   0  0  0
316  10   0   0   0   0  0  1
317 316  17   0   0   1  0  0
318  50   0   0   0   2  0  0
319  50   0   0   0   3  0  0
320 100   0   4  66   6  0  0
321 484   0   0   0   0  0  0
322 360   0   7   0   0 17  0
323 300   0   8  65  10  0  0
324 2500   0   0   0   0  0  0
325  10   0   0   0   0  0  1
326 316  11   0   0   1  0  0
327  50   0   0   0   2  0  0
328  50   0   0   0   3  0  0
329 100   0   4  64   6  0  0
330 484   0   0   0   0  0  0
331 360   0   7   0   0 11  0
332 300   0   8  63  10  0  0
333 2500   0   0   0   0  0  0
334  10   0   0   0   0  0  1
335 316  24   0   0   1  0  0
336  50   0   0   0   2  0  0
337  50   0   0   0   3  0  0
338 100   0   4  62   6  0  0
339 484   0   0   0   0  0  0
340 360   0   7   0   0 24  0
341 300   0   8  61  10  0  0
342 2500   0   0   0   0  0  0
343  10   0   0   0   0  0  1
344 316   7   0   0   1  0  0
345  50   0   0   0   2  0  0
346  50   0   0   0   3  0  0
347 100   0   4  60   6  0  0
348 484   0   0   0   0  0  0
349 360   0   7   0   0  7  0
350 300   0   8  59  10  0  0
351 2500   0   0   0   0  0  0
352  10   0   0   0   0  0  1
353 316  20   0   0   1  0  0
354  50   0   0   0   2  0  0
355  50   0   0   0   3  0  0
356 100   0   4  58   6  0  0
357 484   0   0   0   0  0  0
358 360   0   7   0   0 20  0
359 300   0   8  57  10  0  0
360 2500   0   0   0   0  0  0
361  10   0   0   0   0  0  1
362 316  20   0   0   1  0  0
363  50   0   0   0   2  0  0
364  50   0   0   0   3  0  0
365 100   0   4  56   6  0  0
366 484   0   0   0   0  0  0
367 360   0   7   0   0 20  0
368 300   0   8  55  10  0  0
369 2500   0   0   0   0  0  0
370  10   0   0   0   0  0  1
371 316   7   0   0   1  0  0
372  50   0   0   0   2  0  0
373  50   0   0   0   3  0  0
374 100   0   4  54   6  0  0
375 484   0   0   0   0  0  0
376 360   0   7   0   0  7  0
377 300   0   8  53  10  0  0
378 2500   0   0   0   0  0  0
379  10   0   0   0   0  0  1
380 316  24   0   0   1  0  0
381  50   0   0   0   2  0  0
382  50   0   0   0   3  0  0
383 100   0   4  52   6  0  0
384 484   0   0   0   0  0  0
385 360   0   7   0   0 24  0
386 300   0   8  51  10  0  0
387 2500   0   0   0   0  0  0
388  10   0   0   0   0  0  1
389 316  11   0   0   1  0  0
390  50   0   0   0   2  0  0
391  50   0   0   0   3  0  0
392 100   0   4  50   6  0  0
393 484   0   0   0   0  0  0
394 360   0   7   0   0 11  0
395 300   0   8  49  10  0  0
396 2500   0   0   0   0  0  0
397  10   0   0   0   0  0  1
398 316  17   0   0   1  0  0
399  50   0   0   0   2  0  0
400  50   0   0   0   3  0  0
401 100   0   4  48   6  0  0
402 484   0   0   0   0  0  0
403 360   0   7   0   0 17  0
404 300   0   8  47  10  0  0
405 2500   0   0   0   0  0  0
406  10   0   0   0   0  0  1
407 316  22   0   0   1  0  0
408  50   0   0   0   2  0  0
409  50   0   0   0   3  0  0
410 100   0   4  46   6  0  0
411 484   0   0   0   0  0  0
412 360   0   7   0   0 22  0
413 300   0   8  45  10  0  0
414 2500   0   0   0   0  0  0
415  10   0   0   0   0  0  1
416 316   2   0   0   1  0  0
417  50   0   0   0   2  0  0
418  50   0   0   0   3  0  0
419 100   0   4  44   6  0  0
420 484   0   0   0   0  0  0
421 360   0   7   0   0  2  0
422 300   0   8  43  10  0  0
423 2500   0   0   0   0  0  0
424  10   0   0   0   0  0  1
425 316  23   0   0   1  0  0
426  50   0   0   0   2  0  0
427  50   0   0   0   3  0  0
428 100   0   4  42   6  0  0
429 484   0   0   0   0  0  0
430 360   0   7   0   0 23  0
431 300   0   8  41  10  0  0
432 2500   0   0   0   0  0  0
433  10   0   0   0   0  0  1
434 316  15   0   0   1  0  0
435  50   0   0   0   2  0  0
436  50   0   0   0   3  0  0
437 100   0   4  40   6  0  0
438 484   0   0   0   0  0  0
439 360   0   7   0   0 15  0
440 300   0   8  39  10  0  0
441 2500   0   0   0   0  0  0
442  10   0   0   0   0  0  1
443 316  14   0   0   1  0  0
444  50   0   0   0   2  0  0
445  50   0   0   0   3  0  0
446 100   0   4  38   6  0  0
447 484   0   0   0   0  0  0
448 360   0   7   0   0 14  0
449 300   0   8  37  10  0  0
450 2500   0   0   0   0  0  0
451  10   0   0   0   0  0  1
452 316  22   0   0   1  0  0
453  50   0   0   0   2  0  0
454  50   0   0   0   3  0  0
455 100   0   4  36   6  0  0
456 484   0   0   0   0  0  0
457 360   0   7   0   0 22  0
458 300   0   8  35  10  0  0
459 2500   0   0   0   0  0  0
460  10   0   0   0   0  0  1
461 316   4   0   0   1  0  0
462  50   0   0   0   2  0  0
463  50   0   0   0   3  0  0
464 100   0   4  34   6  0  0
465 484   0   0   0   0  0  0
466 360   0   7   0   0  4  0
467 300   0   8  33  10  0  0
468 2500   0   0   0   0  0  0
469  10   0   0   0   0  0  1
470 316  21   0   0   1  0  0
471  50   0   0   0   2  0  0
472  50   0   0   0   3  0  0
473 100   0   4  32   6  0  0
474 484   0   0   0   0  0  0
475 360   0   7   0   0 21  0
476 300   0   8  31  10  0  0
477 2500   0   0   0   0  0  0
478  10   0   0   0   0  0  1
479 316  18   0   0   1  0  0
480  50   0   0   0   2  0  0
481  50   0   0   0   3  0  0
482 100   0   4  30   6  0  0
483 484   0   0   0   0  0  0
484 360   0   7   0   0 18  0
485 300   0   8  29  10  0  0
486 2500   0   0   0   0  0  0
487  10   0   0   0   0  0  1
488 316  10   0   0   1  0  0
489  50   0   0   0   2  0  0
490  50   0   0   0   3  0  0
491 100   0   4  28   6  0  0
492 484   0   0   0   0  0  0
493 360   0   7   0   0 10  0
494 300   0   8  27  10  0  0
495 2500   0   0   0   0  0  0
496  10   0   0   0   0  0  1
497 316  20   0   0   1  0  0
498  50   0   0   0   2  0  0
499  50   0   0   0   3  0  0
500 100   0   4  26   6  0  0
501 484   0   0   0   0  0  0
502 360   0   7   0   0 20  0
503 300   0   8  25  10  0  0
504 2500   0   0   0   0  0  0
505  10   0   0   0   0  0  1
506 316   9   0   0   1  0  0
507  50   0   0   0   2  0  0
508  50   0   0   0   3  0  0
509 100   0   4  24   6  0  0
510 484   0   0   0   0  0  0
511 360   0   7   0   0  9  0
512 300   0   8  23  10  0  0
513 2500   0   0   0   0  0  0
514  10   0   0   0   0  0  1
515 316  19   0   0   1  0  0
516  50   0   0   0   2  0  0
517  50   0   0   0   3  0  0
518 100   0   4  22   6  0  0
519 484   0   0   0   0  0  0
520 360   0   7   0   0 19  0
521 300   0   8  21  10  0  0
522 2500   0   0   0   0  0  0
523  10   0   0   0   0  0  1
524 316  18   0   0   1  0  0
525  50   0   0   0   2  0  0
526  50   0   0   0   3  0  0
527 100   0   4  20   6  0  0
528 484   0   0   0   0  0  0
529 360   0   7   0   0 18  0
530 300   0   8  19  10  0  0
531 2500   0   0   0   0  0  0
532  10   0   0   0   0  0  1
533 316   5   0   0   1  0  0
534  50   0   0   0   2  0  0
535  50   0   0   0   3  0  0
536 100   0   4  18   6  0  0
537 484   0   0   0   0  0  0
538 360   0   7   0   0  5  0
539 300   0   8  17  10  0  0
540 2500   0   0   0   0  0  0
541  10   0   0   0   0  0  1
542 316  17   0   0   1  0  0
543  50   0   0   0   2  0  0
544  50   0   0   0   3  0  0
545 100   0   4  16   6  0  0
546 484   0   0   0   0  0  0
547 360   0   7   0   0 17  0
548 300   0   8  15  10  0  0
549 2500   0   0   0   0  0  0
550  10   0   0   0   0  0  1
551 316  13   0   0   1  0  0
552  50   0   0   0   2  0  0
553  50   0   0   0   3  0  0
554 100   0   4  14   6  0  0
555 484   0   0   0   0  0  0
556 360   0   7   0   0 13  0
557 300   0   8  13  10  0  0
558 2500   0   0   0   0  0  0
559  10   0   0   0   0  0  1
560 316  16   0   0   1  0  0
561  50   0   0   0   2  0  0
562  50   0   0   0   3  0  0
563 100   0   4  12   6  0  0
564 484   0   0   0   0  0  0
565 360   0   7   0   0 16  0
566 300   0   8  11  10  0  0
567 2500   0   0   0   0  0  0
568  10   0   0   0   0  0  1
569 316  15   0   0   1  0  0
570  50   0   0   0   2  0  0
571  50   0   0   0   3  0  0
572 100   0   4   9   6  0  0
573 484   0   0   0   0  0  0
574 360   0   7   0   0 15  0
575 300   0   8   5  10  0  0
576 2500   0   0   0   0  0  0

# Format of RF events:
# id ampl. mag_id phase_id time_shape_id center delay freqPPm phasePPM freq phase use
# ..   Hz      ..       ..            ..     us    us     ppm  rad/MHz   Hz   rad  ..
# Field "use" is the initial of: excitation refocusing inversion saturation preparation other undefined
[RF]
1      73.1448 1 2 0 1500 100 0 0 0 0 u
2      73.1448 1 2 0 1500 100 0 0 0 2.04204 u
3      73.1448 1 2 0 1500 100 0 0 0 6.12611 u
4      73.1448 1 2 0 1500 100 0 0 0 5.96903 u
5      73.1448 1 2 0 1500 100 0 0 0 1.5708 u
6      73.1448 1 2 0 1500 100 0 0 0 5.49779 u
7      73.1448 1 2 0 1500 100 0 0 0 5.18363 u
8      73.1448 1 2 0 1500 100 0 0 0 0.628319 u
9      73.1448 1 2 0 1500 100 0 0 0 4.39823 u
10      73.1448 1 2 0 1500 100 0 0 0 3.92699 u
11      73.1448 1 2 0 1500 100 0 0 0 2.82743 u
12      73.1448 1 2 0 1500 100 0 0 0 2.19911 u
13      73.1448 1 2 0 1500 100 0 0 0 3.61283 u
14      73.1448 1 2 0 1500 100 0 0 0 0.785398 u
15      73.1448 1 2 0 1500 100 0 0 0 1.25664 u
16      73.1448 1 2 0 1500 100 0 0 0 4.55531 u
17      73.1448 1 2 0 1500 100 0 0 0 4.71239 u
18      73.1448 1 2 0 1500 100 0 0 0 0.471239 u
19      73.1448 1 2 0 1500 100 0 0 0 1.41372 u
20      73.1448 1 2 0 1500 100 0 0 0 3.14159 u
21      73.1448 1 2 0 1500 100 0 0 0 5.34071 u
22      73.1448 1 2 0 1500 100 0 0 0 2.35619 u
23      73.1448 1 2 0 1500 100 0 0 0 3.76991 u
24      73.1448 1 2 0 1500 100 0 0 0 2.98451 u

# Format of trapezoid gradients:
# id amplitude rise flat fall delay
# ..      Hz/m   us   us   us    us
[TRAP]
 1  4.44444e+06  60 3000  60  40
 2   6.3864e+06  80  340  80   0
 3  -6.3864e+06  80  340  80   0
 4 -1.21591e+06 120  760 120   0
 5 -1.21212e+06 120  760 120   0
 6       -8e+06 150  700 150   0
 7       666667  10 3200  10   0
 8  1.49708e+06 150 2700 150   0
 9  1.21212e+06 120  760 120   0
10  4.67836e+06 150 2700 150   0
11 -1.17364e+06 120  760 120   0
12  1.17364e+06 120  760 120   0
13 -1.13516e+06 120  760 120   0
14  1.13516e+06 120  760 120   0
15 -1.09668e+06 120  760 120   0
16  1.09668e+06 120  760 120   0
17  -1.0582e+06 120  760 120   0
18   1.0582e+06 120  760 120   0
19 -1.01972e+06 120  760 120   0
20  1.01972e+06 120  760 120   0
21      -981241 120  760 120   0
22       981241 120  760 120   0
23      -942761 120  760 120   0
24       942761 120  760 120   0
25      -904281 120  760 120   0
26       904281 120  760 120   0
27      -865801 120  760 120   0
28       865801 120  760 120   0
29      -827321 120  760 120   0
30       827321 120  760 120   0
31      -788841 120  760 120   0
32       788841 120  760 120   0
33      -750361 120  760 120   0
34       750361 120  760 120   0
35      -711881 120  760 120   0
36       711881 120  760 120   0
37      -673401 120  760 120   0
38       673401 120  760 120   0
39      -634921 120  760 120   0
40       634921 120  760 120   0
41      -596441 120  760 120   0
42       596441 120  760 120   0
43      -557961 120  760 120   0
44       557961 120  760 120   0
45      -519481 120  760 120   0
46       519481 120  760 120   0
47      -481000 120  760 120   0
48       481000 120  760 120   0
49      -442520 120  760 120   0
50       442520 120  760 120   0
51      -404040 120  760 120   0
52       404040 120  760 120   0
53      -365560 120  760 120   0
54       365560 120  760 120   0
55      -327080 120  760 120   0
56       327080 120  760 120   0
57      -288600 120  760 120   0
58       288600 120  760 120   0
59      -250120 120  760 120   0
60       250120 120  760 120   0
61      -211640 120  760 120   0
62       211640 120  760 120   0
63      -173160 120  760 120   0
64       173160 120  760 120   0
65      -134680 120  760 120   0
66       134680 120  760 120   0
67     -96200.1 120  760 120   0
68      96200.1 120  760 120   0
69     -57720.1 120  760 120   0
70      57720.1 120  760 120   0
71       -19240 120  760 120   0
72        19240 120  760 120   0

# Format of ADC events:
# id num dwell delay freqPPM phasePPM freq phase phase_id
# ..  ..    ns    us     ppm  rad/MHz   Hz   rad       ..
[ADC]
1 64 50000 200 0 0 0 0 0
2 64 50000 200 0 0 0 2.04204 0
3 64 50000 200 0 0 0 6.12611 0
4 64 50000 200 0 0 0 5.96903 0
5 64 50000 200 0 0 0 1.5708 0
6 64 50000 200 0 0 0 5.49779 0
7 64 50000 200 0 0 0 5.18363 0
8 64 50000 200 0 0 0 0.628319 0
9 64 50000 200 0 0 0 4.39823 0
10 64 50000 200 0 0 0 3.92699 0
11 64 50000 200 0 0 0 2.82743 0
12 64 50000 200 0 0 0 2.19911 0
13 64 50000 200 0 0 0 3.61283 0
14 64 50000 200 0 0 0 0.785398 0
15 64 50000 200 0 0 0 1.25664 0
16 64 50000 200 0 0 0 4.55531 0
17 64 50000 200 0 0 0 4.71239 0
18 64 50000 200 0 0 0 0.471239 0
19 64 50000 200 0 0 0 1.41372 0
20 64 50000 200 0 0 0 3.14159 0
21 64 50000 200 0 0 0 5.34071 0
22 64 50000 200 0 0 0 2.35619 0
23 64 50000 200 0 0 0 3.76991 0
24 64 50000 200 0 0 0 2.98451 0

# Format of extension lists:
# id type ref next_id
# next_id of 0 terminates the list
# Extension list is followed by extension specifications
[EXTENSIONS]
1 1 1 0

# Extension specification for digital output and input triggers:
# id type channel delay (us) duration (us)
extension TRIGGERS 1
1 1 2 0 100

# Sequence Shapes
[SHAPES]

shape_id 1
num_samples 3000
9.14157145e-11
2.46985517e-09
1.14419998e-08
3.14172076e-08
6.68159063e-08
1.22069341e-07
2.01619321e-07
3.09917965e-07
4.51427445e-07
6.30619731e-07
8.51976334e-07
1.11998804e-06
1.43915468e-06
1.81398481e-06
2.24899552e-06
2.74871213e-06
3.31766794e-06
3.96040395e-06
4.68146863e-06
5.48541761e-06
6.37681346e-06
7.36022539e-06
8.44022899e-06
9.62140598e-06
1.09083439e-05
1.23056359e-05
1.38178804e-05
1.54496809e-05
1.72056456e-05
1.90903871e-05
2.11085226e-05
2.32646727e-05
2.5563462e-05
2.80095185e-05
3.06074732e-05
3.33619599e-05
3.6277615e-05
3.93590773e-05
4.26109873e-05
4.60379876e-05
4.96447219e-05
5.34358353e-05
5.74159736e-05
6.15897832e-05
6.59619109e-05
7.05370036e-05
7.53197076e-05
8.0314669e-05
8.5526533e-05
9.09599435e-05
9.66195432e-05
0.000102509973
0.000108635872
0.000115001876
0.000121612621
0.000128472737
0.000135586852
0.000142959591
0.000150595575
0.000158499421
0.000166675742
0.000175129145
0.000183864235
0.00019288561
0.000202197861
0.000211805575
0.000221713335
0.000231925713
0.000242447278
0.000253282591
0.000264436206
0.000275912667
0.000287716515
0.000299852279
0.000312324481
0.000325137633
0.000338296241
0.000351804799
0.000365667792
0.000379889695
0.000394474974
0.000409428083
0.000424753467
0.000440455557
0.000456538775
0.000473007532
0.000489866224
0.000507119238
0.000524770946
0.000542825708
0.000561287871
0.000580161769
0.000599451722
0.000619162034
0.000639296997
0.000659860888
0.000680857968
0.000702292483
0.000724168666
0.000746490729
0.000769262873
0.000792489279
0.000816174114
0.000840321525
0.000864935645
0.000890020586
0.000915580444
0.000941619297
0.000968141203
0.000995150203
0.00102265032
0.00105064555
0.00107913988
0.00110813726
0.00113764165
0.00116765696
0.00119818709
0.00122923593
0.00126080731
0.0012929051
0.00132553309
0.00135869507
0.00139239482
0.00142663608
0.00146142258
0.001496758
0.00153264603
0.00156909032
0.00160609449
0.00164366214
0.00168179686
0.00172050218
0.00175978164
0.00179963874
0.00184007694
0.0018810997
0.00192271043
0.00196491254
0.00200770937
0.00205110429
0.00209510058
0.00213970154
0.00218491041
0.00223073043
0.00227716478
0.00232421664
0.00237188914
0.00242018539
0.00246910847
0.00251866141
0.00256884724
0.00261966894
0.00267112947
0.00272323174
0.00277597864
0.00282937304
0.00288341775
0.00293811558
0.00299346927
0.00304948156
0.00310615513
0.00316349266
0.00322149675
0.00328017001
0.00333951498
0.00339953419
0.00346023013
0.00352160525
0.00358366195
0.00364640262
0.00370982961
0.00377394521
0.0038387517
0.00390425132
0.00397044624
0.00403733864
0.00410493063
0.0041732243
0.00424222169
0.0043119248
0.0043823356
0.00445345601
0.00452528793
0.00459783321
0.00467109365
0.00474507101
0.00481976704
0.00489518341
0.00497132178
0.00504818374
0.00512577087
0.00520408468
0.00528312666
0.00536289824
0.00544340083
0.00552463578
0.00560660439
0.00568930794
0.00577274766
0.00585692471
0.00594184025
0.00602749537
0.00611389112
0.00620102849
0.00628890846
0.00637753194
0.0064668998
0.00655701287
0.00664787193
0.00673947771
0.0068318309
0.00692493214
0.00701878203
0.00711338112
0.00720872992
0.00730482887
0.00740167838
0.00749927883
0.00759763052
0.00769673371
0.00779658862
0.00789719543
0.00799855425
0.00810066516
0.00820352817
0.00830714327
0.00841151037
0.00851662936
0.00862250005
0.00872912223
0.00883649561
0.00894461988
0.00905349466
0.00916311953
0.009273494
0.00938461754
0.00949648959
0.00960910951
0.00972247662
0.00983659019
0.00995144942
0.0100670535
0.0101834015
0.0103004925
0.0104183255
0.0105368995
0.0106562134
0.0107762659
0.0108970559
0.0110185822
0.0111408434
0.0112638382
0.0113875651
0.0115120227
0.0116372094
0.0117631237
0.0118897639
0.0120171282
0.0121452151
0.0122740227
0.012403549
0.0125337923
0.0126647504
0.0127964215
0.0129288035
0.0130618941
0.0131956912
0.0133301926
0.013465396
0.0136012989
0.013737899
0.0138751939
0.0140131809
0.0141518575
0.0142912211
0.0144312689
0.0145719983
0.0147134063
0.0148554902
0.0149982469
0.0151416736
0.0152857671
0.0154305243
0.0155759422
0.0157220175
0.0158687469
0.0160161271
0.0161641547
0.0163128262
0.0164621382
0.016612087
0.0167626691
0.0169138808
0.0170657182
0.0172181778
0.0173712555
0.0175249474
0.0176792496
0.0178341581
0.0179896688
0.0181457774
0.0183024798
0.0184597717
0.0186176488
0.0187761068
0.018935141
0.0190947471
0.0192549205
0.0194156565
0.0195769504
0.0197387976
0.0199011931
0.0200641322
0.0202276099
0.0203916212
0.0205561611
0.0207212245
0.0208868062
0.0210529009
0.0212195035
0.0213866084
0.0215542105
0.0217223041
0.0218908838
0.0220599439
0.0222294789
0.022399483
0.0225699504
0.0227408754
0.022912252
0.0230840744
0.0232563364
0.023429032
0.0236021552
0.0237756997
0.0239496593
0.0241240276
0.0242987984
0.0244739651
0.0246495214
0.0248254606
0.0250017762
0.0251784614
0.0253555097
0.0255329141
0.0257106678
0.025888764
0.0260671957
0.0262459559
0.0264250374
0.0266044332
0.026784136
0.0269641386
0.0271444336
0.0273250137
0.0275058715
0.0276869995
0.02786839
0.0280500355
0.0282319284
0.0284140608
0.028596425
0.0287790131
0.0289618173
0.0291448296
0.0293280419
0.0295114461
0.0296950342
0.0298787979
0.030062729
0.0302468191
0.0304310599
0.0306154429
0.0307999597
0.0309846017
0.0311693603
0.0313542268
0.0315391926
0.0317242489
0.0319093867
0.0320945973
0.0322798717
0.0324652008
0.0326505757
0.0328359871
0.033021426
0.0332068831
0.0333923492
0.0335778148
0.0337632706
0.0339487071
0.0341341149
0.0343194843
0.0345048057
0.0346900696
0.034875266
0.0350603854
0.0352454177
0.0354303533
0.035615182
0.0357998938
0.0359844789
0.0361689269
0.0363532278
0.0365373714
0.0367213474
0.0369051454
0.0370887552
0.0372721662
0.037455368
0.0376383501
0.0378211018
0.0380036126
0.0381858718
0.0383678685
0.0385495921
0.0387310317
0.0389121764
0.0390930153
0.0392735373
0.0394537315
0.0396335866
0.0398130917
0.0399922355
0.0401710067
0.0403493941
0.0405273863
0.040704972
0.0408821396
0.0410588778
0.0412351749
0.0414110195
0.0415863998
0.0417613042
0.041935721
0.0421096384
0.0422830446
0.0424559277
0.0426282758
0.042800077
0.0429713192
0.0431419904
0.0433120786
0.0434815715
0.0436504571
0.043818723
0.043986357
0.0441533468
0.0443196801
0.0444853444
0.0446503273
0.0448146163
0.0449781989
0.0451410625
0.0453031945
0.0454645823
0.0456252131
0.0457850743
0.045944153
0.0461024364
0.0462599117
0.0464165659
0.0465723862
0.0467273596
0.046881473
0.0470347135
0.0471870678
0.0473385229
0.0474890656
0.0476386828
0.0477873611
0.0479350873
0.0480818481
0.0482276301
0.0483724199
0.0485162042
0.0486589695
0.0488007022
0.0489413889
0.049081016
0.0492195698
0.0493570369
0.0494934035
0.0496286559
0.0497627804
0.0498957632
0.0500275906
0.0501582488
0.0502877238
0.0504160018
0.050543069
0.0506689113
0.0507935148
0.0509168654
0.0510389492
0.0511597522
0.0512792601
0.051397459
0.0515143346
0.0516298728
0.0517440594
0.0518568802
0.0519683209
0.0520783673
0.052187005
0.0522942199
0.0523999974
0.0525043232
0.052607183
0.0527085623
0.0528084467
0.0529068218
0.0530036729
0.0530989857
0.0531927456
0.0532849381
0.0533755486
0.0534645625
0.0535519652
0.0536377421
0.0537218785
0.0538043597
0.0538851712
0.0539642981
0.0540417258
0.0541174396
0.0541914246
0.0542636662
0.0543341495
0.0544028598
0.0544697821
0.0545349019
0.054598204
0.0546596738
0.0547192964
0.0547770568
0.0548329402
0.0548869318
0.0549390164
0.0549891794
0.0550374056
0.0550836803
0.0551279883
0.0551703148
0.0552106448
0.0552489633
0.0552852554
0.0553195059
0.0553517
0.0553818226
0.0554098587
0.0554357933
0.0554596113
0.0554812978
0.0555008376
0.0555182158
0.0555334174
0.0555464272
0.0555572302
0.0555658114
0.0555721558
0.0555762482
0.0555780737
0.0555776171
0.0555748635
0.0555697977
0.0555624048
0.0555526697
0.0555405773
0.0555261126
0.0555092605
0.0554900061
0.0554683342
0.05544423
0.0554176782
0.055388664
0.0553571723
0.0553231882
0.0552866965
0.0552476823
0.0552061307
0.0551620267
0.0551153553
0.0550661015
0.0550142504
0.0549597871
0.0549026966
0.0548429641
0.0547805746
0.0547155132
0.0546477651
0.0545773154
0.0545041492
0.0544282517
0.0543496081
0.0542682036
0.0541840233
0.0540970526
0.0540072766
0.0539146807
0.05381925
0.0537209699
0.0536198256
0.0535158026
0.0534088862
0.0532990617
0.0531863145
0.05307063
0.0529519938
0.0528303911
0.0527058076
0.0525782286
0.0524476398
0.0523140266
0.0521773747
0.0520376696
0.051894897
0.0517490425
0.0516000917
0.0514480304
0.0512928443
0.0511345192
0.0509730408
0.050808395
0.0506405675
0.0504695443
0.0502953113
0.0501178543
0.0499371594
0.0497532126
0.0495659998
0.0493755072
0.0491817207
0.0489846267
0.0487842111
0.0485804603
0.0483733603
0.0481628976
0.0479490584
0.047731829
0.0475111958
0.0472871453
0.0470596638
0.0468287379
0.0465943541
0.0463564989
0.0461151591
0.0458703211
0.0456219717
0.0453700977
0.0451146858
0.0448557228
0.0445931957
0.0443270912
0.0440573963
0.0437840981
0.0435071835
0.0432266396
0.0429424537
0.0426546128
0.0423631041
0.042067915
0.0417690327
0.0414664446
0.0411601381
0.0408501008
0.04053632
0.0402187834
0.0398974785
0.0395723931
0.0392435149
0.0389108315
0.0385743309
0.0382340009
0.0378898295
0.0375418045
0.0371899142
0.0368341464
0.0364744895
0.0361109316
0.0357434609
0.0353720658
0.0349967347
0.0346174559
0.034234218
0.0338470096
0.0334558191
0.0330606354
0.0326614471
0.032258243
0.031851012
0.0314397429
0.0310244248
0.0306050467
0.0301815977
0.0297540669
0.0293224436
0.0288867171
0.0284468767
0.0280029119
0.0275548121
0.0271025669
0.0266461659
0.0261855988
0.0257208553
0.0252519254
0.0247787988
0.0243014655
0.0238199156
0.0233341392
0.0228441264
0.0223498675
0.0218513527
0.0213485726
0.0208415174
0.0203301778
0.0198145444
0.0192946078
0.0187703588
0.0182417882
0.0177088869
0.0171716458
0.0166300561
0.0160841088
0.0155337952
0.0149791065
0.0144200341
0.0138565694
0.0132887039
0.0127164292
0.0121397369
0.0115586189
0.010973067
0.010383073
0.00978862891
0.00918972685
0.00858635895
0.00797851743
0.0073661946
0.00674938288
0.00612807472
0.0055022627
0.00487193946
0.00423709772
0.00359773031
0.00295383012
0.00230539013
0.00165240341
0.000994863129
0.000332762517
0.000333905094
0.00100514629
0.00168096756
0.00236137532
0.00304637589
0.0037359755
0.00443018029
0.00512899631
0.00583242953
0.00654048582
0.00725317096
0.00797049065
0.00869245048
0.00941905596
0.0101503125
0.0108862255
0.0116268
0.0123720414
0.0131219545
0.0138765444
0.014635816
0.0153997739
0.0161684229
0.0169417674
0.0177198121
0.0185025613
0.0192900193
0.0200821902
0.0208790782
0.0216806872
0.0224870212
0.0232980839
0.0241138791
0.0249344104
0.0257596812
0.026589695
0.0274244551
0.0282639647
0.0291082269
0.0299572447
0.030811021
0.0316695587
0.0325328604
0.0334009287
0.0342737662
0.0351513753
0.0360337582
0.0369209171
0.0378128542
0.0387095715
0.0396110707
0.0405173538
0.0414284224
0.042344278
0.0432649222
0.0441903564
0.0451205816
0.0460555993
0.0469954103
0.0479400157
0.0488894162
0.0498436127
0.0508026057
0.0517663958
0.0527349834
0.0537083688
0.0546865522
0.0556695337
0.0566573133
0.0576498908
0.0586472661
0.0596494388
0.0606564085
0.0616681745
0.0626847363
0.0637060931
0.0647322439
0.0657631878
0.0667989237
0.0678394504
0.0688847666
0.0699348708
0.0709897614
0.0720494369
0.0731138955
0.0741831353
0.0752571542
0.0763359503
0.0774195212
0.0785078648
0.0796009785
0.0806988597
0.0818015059
0.0829089143
0.084021082
0.0851380059
0.0862596831
0.0873861102
0.0885172839
0.0896532008
0.0907938573
0.0919392497
0.0930893743
0.0942442272
0.0954038042
0.0965681014
0.0977371144
0.0989108389
0.10008927
0.101272404
0.102460236
0.103652761
0.104849973
0.106051869
0.107258442
0.108469688
0.109685601
0.110906175
0.112131406
0.113361286
0.114595811
0.115834975
0.11707877
0.118327192
0.119580234
0.120837889
0.12210015
0.123367012
0.124638468
0.125914509
0.12719513
0.128480324
0.129770083
0.131064399
0.132363265
0.133666674
0.134974618
0.136287089
0.13760408
0.138925581
0.140251585
0.141582084
0.142917069
0.144256532
0.145600464
0.146948856
0.148301699
0.149658985
0.151020704
0.152386847
0.153757405
0.155132369
0.156511727
0.157895472
0.159283593
0.160676081
0.162072924
0.163474114
0.16487964
0.16628949
0.167703656
0.169122126
0.17054489
0.171971936
0.173403254
0.174838833
0.176278661
0.177722727
0.17917102
0.180623529
0.18208024
0.183541144
0.185006227
0.186475478
0.187948885
0.189426435
0.190908116
0.192393916
0.193883822
0.195377822
0.196875902
0.198378049
0.199884252
0.201394495
0.202908767
0.204427054
0.205949342
0.207475618
0.209005867
0.210540077
0.212078233
0.213620321
0.215166328
0.216716237
0.218270037
0.219827711
0.221389245
0.222954624
0.224523835
0.22609686
0.227673687
0.229254299
0.23083868
0.232426817
0.234018693
0.235614292
0.237213599
0.238816598
0.240423274
0.242033609
0.243647588
0.245265195
0.246886412
0.248511225
0.250139615
0.251771567
0.253407063
0.255046087
0.256688621
0.258334649
0.259984153
0.261637116
0.26329352
0.264953348
0.266616581
0.268283204
0.269953196
0.271626541
0.27330322
0.274983216
0.276666509
0.278353081
0.280042915
0.28173599
0.28343229
0.285131794
0.286834483
0.28854034
0.290249344
0.291961476
0.293676717
0.295395048
0.297116449
0.298840901
0.300568383
0.302298875
0.304032359
0.305768814
0.307508219
0.309250555
0.310995801
0.312743936
0.314494941
0.316248795
0.318005476
0.319764964
0.321527238
0.323292277
0.32506006
0.326830566
0.328603774
0.330379661
0.332158207
0.33393939
0.335723188
0.33750958
0.339298543
0.341090057
0.342884097
0.344680644
0.346479673
0.348281164
0.350085093
0.351891438
0.353700177
0.355511287
0.357324745
0.359140527
0.360958613
0.362778977
0.364601597
0.366426451
0.368253514
0.370082763
0.371914175
0.373747726
0.375583393
0.377421152
0.379260979
0.38110285
0.382946742
0.384792629
0.386640489
0.388490297
0.390342028
0.392195659
0.394051164
0.39590852
0.397767701
0.399628683
0.401491442
0.403355952
0.405222188
0.407090126
0.40895974
0.410831006
0.412703898
0.41457839
0.416454458
0.418332076
0.420211218
0.422091859
0.423973974
0.425857536
0.427742519
0.429628898
0.431516648
0.433405741
0.435296151
0.437187854
0.439080822
0.440975029
0.442870449
0.444767055
0.446664821
0.44856372
0.450463727
0.452364813
0.454266952
0.456170119
0.458074284
0.459979423
0.461885507
0.46379251
0.465700404
0.467609163
0.46951876
0.471429166
0.473340354
0.475252298
0.477164969
0.479078341
0.480992385
0.482907074
0.484822381
0.486738277
0.488654735
0.490571727
0.492489225
0.494407201
0.496325627
0.498244475
0.500163717
0.502083325
0.504003271
0.505923526
0.507844062
0.50976485
0.511685864
0.513607073
0.515528449
0.517449965
0.519371591
0.521293298
0.523215059
0.525136844
0.527058625
0.528980373
0.530902059
0.532823654
0.534745129
0.536666456
0.538587605
0.540508548
0.542429255
0.544349698
0.546269846
0.548189672
0.550109146
0.552028238
0.55394692
0.555865161
0.557782934
0.559700208
0.561616954
0.563533143
0.565448745
0.567363731
0.569278071
0.571191736
0.573104696
0.575016922
0.576928383
0.578839052
0.580748897
0.582657889
0.584565999
0.586473196
0.588379452
0.590284735
0.592189018
0.594092269
0.595994458
0.597895557
0.599795535
0.601694363
0.60359201
0.605488446
0.607383643
0.609277569
0.611170195
0.613061491
0.614951426
0.616839972
0.618727098
0.620612773
0.622496969
0.624379655
0.626260801
0.628140376
0.630018352
0.631894697
0.633769383
0.635642378
0.637513653
0.639383178
0.641250922
0.643116856
0.64498095
0.646843173
0.648703496
0.650561888
0.652418319
0.65427276
0.65612518
0.657975549
0.659823837
0.661670015
0.663514052
0.665355917
0.667195582
0.669033016
0.670868189
0.672701071
0.674531632
0.676359843
0.678185672
0.680009091
0.68183007
0.683648577
0.685464584
0.687278061
0.689088977
0.690897304
0.69270301
0.694506067
0.696306444
0.698104112
0.69989904
0.7016912
0.703480561
0.705267094
0.707050769
0.708831556
0.710609426
0.712384349
0.714156295
0.715925236
0.717691141
0.719453981
0.721213726
0.722970348
0.724723816
0.726474101
0.728221174
0.729965006
0.731705567
0.733442827
0.735176759
0.736907332
0.738634517
0.740358286
0.742078609
0.743795457
0.745508801
0.747218612
0.748924862
0.75062752
0.75232656
0.75402195
0.755713664
0.757401672
0.759085945
0.760766455
0.762443173
0.76411607
0.765785119
0.767450291
0.769111556
0.770768888
0.772422257
0.774071635
0.775716994
0.777358306
0.778995543
0.780628676
0.782257678
0.783882521
0.785503177
0.787119617
0.788731814
0.790339741
0.79194337
0.793542672
0.795137621
0.796728189
0.798314348
0.799896071
0.801473331
0.803046101
0.804614353
0.806178059
0.807737194
0.80929173
0.81084164
0.812386896
0.813927473
0.815463344
0.816994481
0.818520858
0.820042449
0.821559227
0.823071166
0.824578239
0.82608042
0.827577682
0.829070001
0.830557348
0.8320397
0.833517029
0.83498931
0.836456516
0.837918623
0.839375605
0.840827436
0.84227409
0.843715543
0.845151769
0.846582742
0.848008438
0.849428831
0.850843897
0.85225361
0.853657947
0.855056881
0.856450388
0.857838444
0.859221024
0.860598104
0.86196966
0.863335667
0.8646961
0.866050937
0.867400153
0.868743724
0.870081627
0.871413837
0.872740331
0.874061086
0.875376077
0.876685283
0.877988679
0.879286242
0.880577949
0.881863778
0.883143705
0.884417708
0.885685764
0.88694785
0.888203944
0.889454023
0.890698066
0.891936049
0.893167952
0.894393751
0.895613425
0.896826953
0.898034312
0.899235481
0.900430438
0.901619162
0.902801633
0.903977827
0.905147725
0.906311306
0.907468549
0.908619432
0.909763936
0.910902039
0.912033722
0.913158963
0.914277744
0.915390043
0.91649584
0.917595117
0.918687852
0.919774027
0.920853621
0.921926616
0.922992992
0.924052729
0.925105809
0.926152213
0.927191922
0.928224916
0.929251178
0.930270689
0.93128343
0.932289384
0.933288531
0.934280854
0.935266336
0.936244957
0.937216701
0.938181549
0.939139485
0.940090491
0.94103455
0.941971645
0.942901758
0.943824873
0.944740973
0.945650041
0.946552062
0.947447018
0.948334894
0.949215673
0.950089339
0.950955876
0.951815269
0.952667502
0.95351256
0.954350427
0.955181087
0.956004527
0.95682073
0.957629682
0.958431369
0.959225775
0.960012886
0.960792688
0.961565167
0.962330308
0.963088097
0.963838522
0.964581567
0.965317221
0.966045468
0.966766296
0.967479691
0.968185641
0.968884133
0.969575154
0.970258692
0.970934733
0.971603265
0.972264277
0.972917756
0.97356369
0.974202068
0.974832878
0.975456107
0.976071746
0.976679782
0.977280204
0.977873002
0.978458164
0.979035681
0.97960554
0.980167733
0.980722247
0.981269075
0.981808204
0.982339626
0.982863331
0.983379309
0.98388755
0.984388046
0.984880787
0.985365764
0.985842968
0.986312391
0.986774023
0.987227857
0.987673884
0.988112096
0.988542484
0.988965042
0.98937976
0.989786632
0.99018565
0.990576807
0.990960095
0.991335508
0.991703038
0.992062679
0.992414424
0.992758267
0.993094202
0.993422222
0.99374232
0.994054493
0.994358732
0.994655034
0.994943392
0.995223802
0.995496257
0.995760754
0.996017287
0.996265851
0.996506442
0.996739055
0.996963687
0.997180333
0.997388989
0.997589651
0.997782315
0.997966979
0.998143638
0.998312289
0.99847293
0.998625557
0.998770167
0.998906758
0.999035327
0.999155873
0.999268391
0.999372882
0.999469342
0.99955777
0.999638164
0.999710524
0.999774846
0.999831131
0.999879377
0.999919583
0.999951749
0.999975875
0.999991958
1
1
0.999991958
0.999975875
0.999951749
0.999919583
0.999879377
0.999831131
0.999774846
0.999710524
0.999638164
0.99955777
0.999469342
0.999372882
0.999268391
0.999155873
0.999035327
0.998906758
0.998770167
0.998625557
0.99847293
0.998312289
0.998143638
0.997966979
0.997782315
0.997589651
0.997388989
0.997180333
0.996963687
0.996739055
0.996506442
0.996265851
0.996017287
0.995760754
0.995496257
0.995223802
0.994943392
0.994655034
0.994358732
0.994054493
0.99374232
0.993422222
0.993094202
0.992758267
0.992414424
0.992062679
0.991703038
0.991335508
0.990960095
0.990576807
0.99018565
0.989786632
0.98937976
0.988965042
0.988542484
0.988112096
0.987673884
0.987227857
0.986774023
0.986312391
0.985842968
0.985365764
0.984880787
0.984388046
0.98388755
0.983379309
0.982863331
0.982339626
0.981808204
0.981269075
0.980722247
0.980167733
0.97960554
0.979035681
0.978458164
0.977873002
0.977280204
0.976679782
0.976071746
0.975456107
0.974832878
0.974202068
0.97356369
0.972917756
0.972264277
0.971603265
0.970934733
0.970258692
0.969575154
0.968884133
0.968185641
0.967479691
0.966766296
0.966045468
0.965317221
0.964581567
0.963838522
0.963088097
0.962330308
0.961565167
0.960792688
0.960012886
0.959225775
0.958431369
0.957629682
0.95682073
0.956004527
0.955181087
0.954350427
0.95351256
0.952667502
0.951815269
0.950955876
0.950089339
0.949215673
0.948334894
0.947447018
0.946552062
0.945650041
0.944740973
0.943824873
0.942901758
0.941971645
0.94103455
0.940090491
0.939139485
0.938181549
0.937216701
0.936244957
0.935266336
0.934280854
0.933288531
0.932289384
0.93128343
0.930270689
0.929251178
0.928224916
0.927191922
0.926152213
0.925105809
0.924052729
0.922992992
0.921926616
0.920853621
0.919774027
0.918687852
0.917595117
0.91649584
0.915390043
0.914277744
0.913158963
0.912033722
0.910902039
0.909763936
0.908619432
0.907468549
0.906311306
0.905147725
0.903977827
0.902801633
0.901619162
0.900430438
0.899235481
0.898034312
0.896826953
0.895613425
0.894393751
0.893167952
0.891936049
0.890698066
0.889454023
0.888203944
0.88694785
0.885685764
0.884417708
0.883143705
0.881863778
0.880577949
0.879286242
0.877988679
0.876685283
0.875376077
0.874061086
0.872740331
0.871413837
0.870081627
0.868743724
0.867400153
0.866050937
0.8646961
0.863335667
0.86196966
0.860598104
0.859221024
0.857838444
0.856450388
0.855056881
0.853657947
0.85225361
0.850843897
0.849428831
0.848008438
0.846582742
0.845151769
0.843715543
0.84227409
0.840827436
0.839375605
0.837918623
0.836456516
0.83498931
0.833517029
0.8320397
0.830557348
0.829070001
0.827577682
0.82608042
0.824578239
0.823071166
0.821559227
0.820042449
0.818520858
0.816994481
0.815463344
0.813927473
0.812386896
0.81084164
0.80929173
0.807737194
0.806178059
0.804614353
0.803046101
0.801473331
0.799896071
0.798314348
0.796728189
0.795137621
0.793542672
0.79194337
0.790339741
0.788731814
0.787119617
0.785503177
0.783882521
0.782257678
0.780628676
0.778995543
0.777358306
0.775716994
0.774071635
0.772422257
0.770768888
0.769111556
0.767450291
0.765785119
0.76411607
0.762443173
0.760766455
0.759085945
0.757401672
0.755713664
0.75402195
0.75232656
0.75062752
0.748924862
0.747218612
0.745508801
0.743795457
0.742078609
0.740358286
0.738634517
0.736907332
0.735176759
0.733442827
0.731705567
0.729965006
0.728221174
0.726474101
0.724723816
0.722970348
0.721213726
0.719453981
0.717691141
0.715925236
0.714156295
0.712384349
0.710609426
0.708831556
0.707050769
0.705267094
0.703480561
0.7016912
0.69989904
0.698104112
0.696306444
0.694506067
0.69270301
0.690897304
0.689088977
0.687278061
0.685464584
0.683648577
0.68183007
0.680009091
0.678185672
0.676359843
0.674531632
0.672701071
0.670868189
0.669033016
0.667195582
0.665355917
0.663514052
0.661670015
0.659823837
0.657975549
0.65612518
0.65427276
0.652418319
0.650561888
0.648703496
0.646843173
0.64498095
0.643116856
0.641250922
0.639383178
0.637513653
0.635642378
0.633769383
0.631894697
0.630018352
0.628140376
0.626260801
0.624379655
0.622496969
0.620612773
0.618727098
0.616839972
0.614951426
0.613061491
0.611170195
0.609277569
0.607383643
0.605488446
0.60359201
0.601694363
0.599795535
0.597895557
0.595994458
0.594092269
0.592189018
0.590284735
0.588379452
0.586473196
0.584565999
0.582657889
0.580748897
0.578839052
0.576928383
0.575016922
0.573104696
0.571191736
0.569278071
0.567363731
0.565448745
0.563533143
0.561616954
0.559700208
0.557782934
0.555865161
0.55394692
0.552028238
0.550109146
0.548189672
0.546269846
0.544349698
0.542429255
0.540508548
0.538587605
0.536666456
0.534745129
0.532823654
0.530902059
0.528980373
0.527058625
0.525136844
0.523215059
0.521293298
0.519371591
0.517449965
0.515528449
0.513607073
0.511685864
0.50976485
0.507844062
0.505923526
0.504003271
0.502083325
0.500163717
0.498244475
0.496325627
0.494407201
0.492489225
0.490571727
0.488654735
0.486738277
0.484822381
0.482907074
0.480992385
0.479078341
0.477164969
0.475252298
0.473340354
0.471429166
0.46951876
0.467609163
0.465700404
0.46379251
0.461885507
0.459979423
0.458074284
0.456170119
0.454266952
0.452364813
0.450463727
0.44856372
0.446664821
0.444767055
0.442870449
0.440975029
0.439080822
0.437187854
0.435296151
0.433405741
0.431516648
0.429628898
0.427742519
0.425857536
0.423973974
0.422091859
0.420211218
0.418332076
0.416454458
0.41457839
0.412703898
0.410831006
0.40895974
0.407090126
0.405222188
0.403355952
0.401491442
0.399628683
0.397767701
0.39590852
0.394051164
0.392195659
0.390342028
0.388490297
0.386640489
0.384792629
0.382946742
0.38110285
0.379260979
0.377421152
0.375583393
0.373747726
0.371914175
0.370082763
0.368253514
0.366426451
0.364601597
0.362778977
0.360958613
0.359140527
0.357324745
0.355511287
0.353700177
0.351891438
0.350085093
0.348281164
0.346479673
0.344680644
0.342884097
0.341090057
0.339298543
0.33750958
0.335723188
0.33393939
0.332158207
0.330379661
0.328603774
0.326830566
0.32506006
0.323292277
0.321527238
0.319764964
0.318005476
0.316248795
0.314494941
0.312743936
0.310995801
0.309250555
0.307508219
0.305768814
0.304032359
0.302298875
0.300568383
0.298840901
0.297116449
0.295395048
0.293676717
0.291961476
0.290249344
0.28854034
0.286834483
0.285131794
0.28343229
0.28173599
0.280042915
0.278353081
0.276666509
0.274983216
0.27330322
0.271626541
0.269953196
0.268283204
0.266616581
0.264953348
0.26329352
0.261637116
0.259984153
0.258334649
0.256688621
0.255046087
0.253407063
0.251771567
0.250139615
0.248511225
0.246886412
0.245265195
0.243647588
0.242033609
0.240423274
0.238816598
0.237213599
0.235614292
0.234018693
0.232426817
0.23083868
0.229254299
0.227673687
0.22609686
0.224523835
0.222954624
0.221389245
0.219827711
0.218270037
0.216716237
0.215166328
0.213620321
0.212078233
0.210540077
0.209005867
0.207475618
0.205949342
0.204427054
0.202908767
0.201394495
0.199884252
0.198378049
0.196875902
0.195377822
0.193883822
0.192393916
0.190908116
0.189426435
0.187948885
0.186475478
0.185006227
0.183541144
0.18208024
0.180623529
0.17917102
0.177722727
0.176278661
0.174838833
0.173403254
0.171971936
0.17054489
0.169122126
0.167703656
0.16628949
0.16487964
0.163474114
0.162072924
0.160676081
0.159283593
0.157895472
0.156511727
0.155132369
0.153757405
0.152386847
0.151020704
0.149658985
0.148301699
0.146948856
0.145600464
0.144256532
0.142917069
0.141582084
0.140251585
0.138925581
0.13760408
0.136287089
0.134974618
0.133666674
0.132363265
0.131064399
0.129770083
0.128480324
0.12719513
0.125914509
0.124638468
0.123367012
0.12210015
0.120837889
0.119580234
0.118327192
0.11707877
0.115834975
0.114595811
0.113361286
0.112131406
0.110906175
0.109685601
0.108469688
0.107258442
0.106051869
0.104849973
0.103652761
0.102460236
0.101272404
0.10008927
0.0989108389
0.0977371144
0.0965681014
0.0954038042
0.0942442272
0.0930893743
0.0919392497
0.0907938573
0.0896532008
0.0885172839
0.0873861102
0.0862596831
0.0851380059
0.084021082
0.0829089143
0.0818015059
0.0806988597
0.0796009785
0.0785078648
0.0774195212
0.0763359503
0.0752571542
0.0741831353
0.0731138955
0.0720494369
0.0709897614
0.0699348708
0.0688847666
0.0678394504
0.0667989237
0.0657631878
0.0647322439
0.0637060931
0.0626847363
0.0616681745
0.0606564085
0.0596494388
0.0586472661
0.0576498908
0.0566573133
0.0556695337
0.0546865522
0.0537083688
0.0527349834
0.0517663958
0.0508026057
0.0498436127
0.0488894162
0.0479400157
0.0469954103
0.0460555993
0.0451205816
0.0441903564
0.0432649222
0.042344278
0.0414284224
0.0405173538
0.0396110707
0.0387095715
0.0378128542
0.0369209171
0.0360337582
0.0351513753
0.0342737662
0.0334009287
0.0325328604
0.0316695587
0.030811021
0.0299572447
0.0291082269
0.0282639647
0.0274244551
0.026589695
0.0257596812
0.0249344104
0.0241138791
0.0232980839
0.0224870212
0.0216806872
0.0208790782
0.0200821902
0.0192900193
0.0185025613
0.0177198121
0.0169417674
0.0161684229
0.0153997739
0.014635816
0.0138765444
0.0131219545
0.0123720414
0.0116268
0.0108862255
0.0101503125
0.00941905596
0.00869245048
0.00797049065
0.00725317096
0.00654048582
0.00583242953
0.00512899631
0.00443018029
0.0037359755
0.00304637589
0.00236137532
0.00168096756
0.00100514629
0.000333905094
0.000332762517
0.000994863129
0.00165240341
0.00230539013
0.00295383012
0.00359773031
0.00423709772
0.00487193946
0.0055022627
0.00612807472
0.00674938288
0.0073661946
0.00797851743
0.00858635895
0.00918972685
0.00978862891
0.010383073
0.010973067
0.0115586189
0.0121397369
0.0127164292
0.0132887039
0.0138565694
0.0144200341
0.0149791065
0.0155337952
0.0160841088
0.0166300561
0.0171716458
0.0177088869
0.0182417882
0.0187703588
0.0192946078
0.0198145444
0.0203301778
0.0208415174
0.0213485726
0.0218513527
0.0223498675
0.0228441264
0.0233341392
0.0238199156
0.0243014655
0.0247787988
0.0252519254
0.0257208553
0.0261855988
0.0266461659
0.0271025669
0.0275548121
0.0280029119
0.0284468767
0.0288867171
0.0293224436
0.0297540669
0.0301815977
0.0306050467
0.0310244248
0.0314397429
0.031851012
0.032258243
0.0326614471
0.0330606354
0.0334558191
0.0338470096
0.034234218
0.0346174559
0.0349967347
0.0353720658
0.0357434609
0.0361109316
0.0364744895
0.0368341464
0.0371899142
0.0375418045
0.0378898295
0.0382340009
0.0385743309
0.0389108315
0.0392435149
0.0395723931
0.0398974785
0.0402187834
0.04053632
0.0408501008
0.0411601381
0.0414664446
0.0417690327
0.042067915
0.0423631041
0.0426546128
0.0429424537
0.0432266396
0.0435071835
0.0437840981
0.0440573963
0.0443270912
0.0445931957
0.0448557228
0.0451146858
0.0453700977
0.0456219717
0.0458703211
0.0461151591
0.0463564989
0.0465943541
0.0468287379
0.0470596638
0.0472871453
0.0475111958
0.047731829
0.0479490584
0.0481628976
0.0483733603
0.0485804603
0.0487842111
0.0489846267
0.0491817207
0.0493755072
0.0495659998
0.0497532126
0.0499371594
0.0501178543
0.0502953113
0.0504695443
0.0506405675
0.050808395
0.0509730408
0.0511345192
0.0512928443
0.0514480304
0.0516000917
0.0517490425
0.051894897
0.0520376696
0.0521773747
0.0523140266
0.0524476398
0.0525782286
0.0527058076
0.0528303911
0.0529519938
0.05307063
0.0531863145
0.0532990617
0.0534088862
0.0535158026
0.0536198256
0.0537209699
0.05381925
0.0539146807
0.0540072766
0.0540970526
0.0541840233
0.0542682036
0.0543496081
0.0544282517
0.0545041492
0.0545773154
0.0546477651
0.0547155132
0.0547805746
0.0548429641
0.0549026966
0.0549597871
0.0550142504
0.0550661015
0.0551153553
0.0551620267
0.0552061307
0.0552476823
0.0552866965
0.0553231882
0.0553571723
0.055388664
0.0554176782
0.05544423
0.0554683342
0.0554900061
0.0555092605
0.0555261126
0.0555405773
0.0555526697
0.0555624048
0.0555697977
0.0555748635
0.0555776171
0.0555780737
0.0555762482
0.0555721558
0.0555658114
0.0555572302
0.0555464272
0.0555334174
0.0555182158
0.0555008376
0.0554812978
0.0554596113
0.0554357933
0.0554098587
0.0553818226
0.0553517
0.0553195059
0.0552852554
0.0552489633
0.0552106448
0.0551703148
0.0551279883
0.0550836803
0.0550374056
0.0549891794
0.0549390164
0.0548869318
0.0548329402
0.0547770568
0.0547192964
0.0546596738
0.054598204
0.0545349019
0.0544697821
0.0544028598
0.0543341495
0.0542636662
0.0541914246
0.0541174396
0.0540417258
0.0539642981
0.0538851712
0.0538043597
0.0537218785
0.0536377421
0.0535519652
0.0534645625
0.0533755486
0.0532849381
0.0531927456
0.0530989857
0.0530036729
0.0529068218
0.0528084467
0.0527085623
0.052607183
0.0525043232
0.0523999974
0.0522942199
0.052187005
0.0520783673
0.0519683209
0.0518568802
0.0517440594
0.0516298728
0.0515143346
0.051397459
0.0512792601
0.0511597522
0.0510389492
0.0509168654
0.0507935148
0.0506689113
0.050543069
0.0504160018
0.0502877238
0.0501582488
0.0500275906
0.0498957632
0.0497627804
0.0496286559
0.0494934035
0.0493570369
0.0492195698
0.049081016
0.0489413889
0.0488007022
0.0486589695
0.0485162042
0.0483724199
0.0482276301
0.0480818481
0.0479350873
0.0477873611
0.0476386828
0.0474890656
0.0473385229
0.0471870678
0.0470347135
0.046881473
0.0467273596
0.0465723862
0.0464165659
0.0462599117
0.0461024364
0.045944153
0.0457850743
0.0456252131
0.0454645823
0.0453031945
0.0451410625
0.0449781989
0.0448146163
0.0446503273
0.0444853444
0.0443196801
0.0441533468
0.043986357
0.043818723
0.0436504571
0.0434815715
0.0433120786
0.0431419904
0.0429713192
0.042800077
0.0426282758
0.0424559277
0.0422830446
0.0421096384
0.041935721
0.0417613042
0.0415863998
0.0414110195
0.0412351749
0.0410588778
0.0408821396
0.040704972
0.0405273863
0.0403493941
0.0401710067
0.0399922355
0.0398130917
0.0396335866
0.0394537315
0.0392735373
0.0390930153
0.0389121764
0.0387310317
0.0385495921
0.0383678685
0.0381858718
0.0380036126
0.0378211018
0.0376383501
0.037455368
0.0372721662
0.0370887552
0.0369051454
0.0367213474
0.0365373714
0.0363532278
0.0361689269
0.0359844789
0.0357998938
0.035615182
0.0354303533
0.0352454177
0.0350603854
0.034875266
0.0346900696
0.0345048057
0.0343194843
0.0341341149
0.0339487071
0.0337632706
0.0335778148
0.0333923492
0.0332068831
0.033021426
0.0328359871
0.0326505757
0.0324652008
0.0322798717
0.0320945973
0.0319093867
0.0317242489
0.0315391926
0.0313542268
0.0311693603
0.0309846017
0.0307999597
0.0306154429
0.0304310599
0.0302468191
0.030062729
0.0298787979
0.0296950342
0.0295114461
0.0293280419
0.0291448296
0.0289618173
0.0287790131
0.028596425
0.0284140608
0.0282319284
0.0280500355
0.02786839
0.0276869995
0.0275058715
0.0273250137
0.0271444336
0.0269641386
0.026784136
0.0266044332
0.0264250374
0.0262459559
0.0260671957
0.025888764
0.0257106678
0.0255329141
0.0253555097
0.0251784614
0.0250017762
0.0248254606
0.0246495214
0.0244739651
0.0242987984
0.0241240276
0.0239496593
0.0237756997
0.0236021552
0.023429032
0.0232563364
0.0230840744
0.022912252
0.0227408754
0.0225699504
0.022399483
0.0222294789
0.0220599439
0.0218908838
0.0217223041
0.0215542105
0.0213866084
0.0212195035
0.0210529009
0.0208868062
0.0207212245
0.0205561611
0.0203916212
0.0202276099
0.0200641322
0.0199011931
0.0197387976
0.0195769504
0.0194156565
0.0192549205
0.0190947471
0.018935141
0.0187761068
0.0186176488
0.0184597717
0.0183024798
0.0181457774
0.0179896688
0.0178341581
0.0176792496
0.0175249474
0.0173712555
0.0172181778
0.0170657182
0.0169138808
0.0167626691
0.016612087
0.0164621382
0.0163128262
0.0161641547
0.0160161271
0.0158687469
0.0157220175
0.0155759422
0.0154305243
0.0152857671
0.0151416736
0.0149982469
0.0148554902
0.0147134063
0.0145719983
0.0144312689
0.0142912211
0.0141518575
0.0140131809
0.0138751939
0.013737899
0.0136012989
0.013465396
0.0133301926
0.0131956912
0.0130618941
0.0129288035
0.0127964215
0.0126647504
0.0125337923
0.012403549
0.0122740227
0.0121452151
0.0120171282
0.0118897639
0.0117631237
0.0116372094
0.0115120227
0.0113875651
0.0112638382
0.0111408434
0.0110185822
0.0108970559
0.0107762659
0.0106562134
0.0105368995
0.0104183255
0.0103004925
0.0101834015
0.0100670535
0.00995144942
0.00983659019
0.00972247662
0.00960910951
0.00949648959
0.00938461754
0.009273494
0.00916311953
0.00905349466
0.00894461988
0.00883649561
0.00872912223
0.00862250005
0.00851662936
0.00841151037
0.00830714327
0.00820352817
0.00810066516
0.00799855425
0.00789719543
0.00779658862
0.00769673371
0.00759763052
0.00749927883
0.00740167838
0.00730482887
0.00720872992
0.00711338112
0.00701878203
0.00692493214
0.0068318309
0.00673947771
0.00664787193
0.00655701287
0.0064668998
0.00637753194
0.00628890846
0.00620102849
0.00611389112
0.00602749537
0.00594184025
0.00585692471
0.00577274766
0.00568930794
0.00560660439
0.00552463578
0.00544340083
0.00536289824
0.00528312666
0.00520408468
0.00512577087
0.00504818374
0.00497132178
0.00489518341
0.00481976704
0.00474507101
0.00467109365
0.00459783321
0.00452528793
0.00445345601
0.0043823356
0.0043119248
0.00424222169
0.0041732243
0.00410493063
0.00403733864
0.00397044624
0.00390425132
0.0038387517
0.00377394521
0.00370982961
0.00364640262
0.00358366195
0.00352160525
0.00346023013
0.00339953419
0.00333951498
0.00328017001
0.00322149675
0.00316349266
0.00310615513
0.00304948156
0.00299346927
0.00293811558
0.00288341775
0.00282937304
0.00277597864
0.00272323174
0.00267112947
0.00261966894
0.00256884724
0.00251866141
0.00246910847
0.00242018539
0.00237188914
0.00232421664
0.00227716478
0.00223073043
0.00218491041
0.00213970154
0.00209510058
0.00205110429
0.00200770937
0.00196491254
0.00192271043
0.0018810997
0.00184007694
0.00179963874
0.00175978164
0.00172050218
0.00168179686
0.00164366214
0.00160609449
0.00156909032
0.00153264603
0.001496758
0.00146142258
0.00142663608
0.00139239482
0.00135869507
0.00132553309
0.0012929051
0.00126080731
0.00122923593
0.00119818709
0.00116765696
0.00113764165
0.00110813726
0.00107913988
0.00105064555
0.00102265032
0.000995150203
0.000968141203
0.000941619297
0.000915580444
0.000890020586
0.000864935645
0.000840321525
0.000816174114
0.000792489279
0.000769262873
0.000746490729
0.000724168666
0.000702292483
0.000680857968
0.000659860888
0.000639296997
0.000619162034
0.000599451722
0.000580161769
0.000561287871
0.000542825708
0.000524770946
0.000507119238
0.000489866224
0.000473007532
0.000456538775
0.000440455557
0.000424753467
0.000409428083
0.000394474974
0.000379889695
0.000365667792
0.000351804799
0.000338296241
0.000325137633
0.000312324481
0.000299852279
0.000287716515
0.000275912667
0.000264436206
0.000253282591
0.000242447278
0.000231925713
0.000221713335
0.000211805575
0.000202197861
0.00019288561
0.000183864235
0.000175129145
0.000166675742
0.000158499421
0.000150595575
0.000142959591
0.000135586852
0.000128472737
0.000121612621
0.000115001876
0.000108635872
0.000102509973
9.66195432e-05
9.09599435e-05
8.5526533e-05
8.0314669e-05
7.53197076e-05
7.05370036e-05
6.59619109e-05
6.15897832e-05
5.74159736e-05
5.34358353e-05
4.96447219e-05
4.60379876e-05
4.26109873e-05
3.93590773e-05
3.6277615e-05
3.33619599e-05
3.06074732e-05
2.80095185e-05
2.5563462e-05
2.32646727e-05
2.11085226e-05
1.90903871e-05
1.72056456e-05
1.54496809e-05
1.38178804e-05
1.23056359e-05
1.09083439e-05
9.62140598e-06
8.44022899e-06
7.36022539e-06
6.37681346e-06
5.48541761e-06
4.68146863e-06
3.96040395e-06
3.31766794e-06
2.74871213e-06
2.24899552e-06
1.81398481e-06
1.43915468e-06
1.11998804e-06
8.51976334e-07
6.30619731e-07
4.51427445e-07
3.09917965e-07
2.01619321e-07
1.22069341e-07
6.68159063e-08
3.14172076e-08
1.14419998e-08
2.46985517e-09
9.14157145e-11

shape_id 2
num_samples 3000
0.5
0
0
747
-0.5
0
0
1497
0.5
0
0
747


[SIGNATURE]
# This is the hash of the Pulseq file, calculated right before the [SIGNATURE] section was added
# It can be reproduced/verified with md5sum if the file trimmed to the position right above [SIGNATURE]
# The new line character preceding [SIGNATURE] BELONGS to the signature (and needs to be stripped away for recalculating/verification)
Type md5
Hash d621dadd97457f0eace0c995fde2cd32
