# Pulseq sequence file
# Created by PyPulseq

[VERSION]
major 1
minor 5
revision 0

[DEFINITIONS]
AdcDeadTime 0.0001 
AdcRasterTime 1e-07 
BlockDurationRaster 1e-05 
FLAG_DWELL_BRUKER 1 
FLAG_MRE 1 
FLAG_MRE_BIPOLAR 1 
FLAG_SHOW_PLOTS 0 
FLAG_TEST_REPORT 1 
FLAG_TRIG 1 
FLAG_WRITE_SEQ 1 
FOV 0.06 0.06 0.001 
GradientRasterTime 1e-05 
Matrix 128 128 1 
Name tse 
RadiofrequencyRasterTime 1e-06 
TE 0.02 
TR 1 
TotalDuration 387.8004 
n_echo 2 
nslices 1 
rf_flip_deg 180 

# Format of blocks:
# NUM DUR RF  GX  GY  GZ  ADC  EXT
[BLOCKS]
   1  10   0   0   0   0  0  1
   2  25   0   0   0   1  0  0
   3 262   1   0   0   2  0  0
   4 763   0   5   4   3  0  0
   5 212   2   0   0   6  0  0
   6 564   0   7   8   9  0  0
   7 660   0  10   0   0  0  0
   8 564   0  11   8  12  0  0
   9 212   2   0   0   6  0  0
  10 564   0   7   8   9  0  0
  11 660   0  10   0   0  0  0
  12 564   0  11   8  12  0  0
  13 212   0   0   0   6  0  0
  14 564   0   0   0   9  0  0
  15 93600   0   0   0   0  0  0
  16  10   0   0   0   0  0  1
  17  25   0   0   0   1  0  0
  18 262   1   0   0   2  0  0
  19 763   0   5   4   3  0  0
  20 212   2   0   0   6  0  0
  21 564   0   7   8   9  0  0
  22 660   0  10   0   0  0  0
  23 564   0  11   8  12  0  0
  24 212   2   0   0   6  0  0
  25 564   0   7   8   9  0  0
  26 660   0  10   0   0  0  0
  27 564   0  11   8  12  0  0
  28 212   0   0   0   6  0  0
  29 564   0   0   0   9  0  0
  30 93600   0   0   0   0  0  0
  31  10   0   0   0   0  0  1
  32  25   0   0   0   1  0  0
  33 262   1   0   0   2  0  0
  34 763   0   5   4   3  0  0
  35 212   2   0   0   6  0  0
  36 564   0   7  13   9  0  0
  37 660   0  10   0   0  1  0
  38 564   0  11  14  12  0  0
  39 212   2   0   0   6  0  0
  40 564   0   7  14   9  0  0
  41 660   0  10   0   0  1  0
  42 564   0  11  13  12  0  0
  43 212   0   0   0   6  0  0
  44 564   0   0   0   9  0  0
  45 93600   0   0   0   0  0  0
  46  10   0   0   0   0  0  1
  47  25   0   0   0   1  0  0
  48 262   1   0   0   2  0  0
  49 763   0   5   4   3  0  0
  50 212   2   0   0   6  0  0
  51 564   0   7  13   9  0  0
  52 660   0  10   0   0  1  0
  53 564   0  11  14  12  0  0
  54 212   2   0   0   6  0  0
  55 564   0   7  14   9  0  0
  56 660   0  10   0   0  1  0
  57 564   0  11  13  12  0  0
  58 212   0   0   0   6  0  0
  59 564   0   0   0   9  0  0
  60 93600   0   0   0   0  0  0
  61  10   0   0   0   0  0  1
  62  25   0   0   0   1  0  0
  63 262   1   0   0   2  0  0
  64 763   0   5   4   3  0  0
  65 212   2   0   0   6  0  0
  66 564   0   7  15   9  0  0
  67 660   0  10   0   0  1  0
  68 564   0  11  16  12  0  0
  69 212   2   0   0   6  0  0
  70 564   0   7  17   9  0  0
  71 660   0  10   0   0  1  0
  72 564   0  11  18  12  0  0
  73 212   0   0   0   6  0  0
  74 564   0   0   0   9  0  0
  75 93600   0   0   0   0  0  0
  76  10   0   0   0   0  0  1
  77  25   0   0   0   1  0  0
  78 262   1   0   0   2  0  0
  79 763   0   5   4   3  0  0
  80 212   2   0   0   6  0  0
  81 564   0   7  15   9  0  0
  82 660   0  10   0   0  1  0
  83 564   0  11  16  12  0  0
  84 212   2   0   0   6  0  0
  85 564   0   7  17   9  0  0
  86 660   0  10   0   0  1  0
  87 564   0  11  18  12  0  0
  88 212   0   0   0   6  0  0
  89 564   0   0   0   9  0  0
  90 93600   0   0   0   0  0  0
  91  10   0   0   0   0  0  1
  92  25   0   0   0   1  0  0
  93 262   1   0   0   2  0  0
  94 763   0   5   4   3  0  0
  95 212   2   0   0   6  0  0
  96 564   0   7  19   9  0  0
  97 660   0  10   0   0  1  0
  98 564   0  11  20  12  0  0
  99 212   2   0   0   6  0  0
 100 564   0   7  21   9  0  0
 101 660   0  10   0   0  1  0
 102 564   0  11  22  12  0  0
 103 212   0   0   0   6  0  0
 104 564   0   0   0   9  0  0
 105 93600   0   0   0   0  0  0
 106  10   0   0   0   0  0  1
 107  25   0   0   0   1  0  0
 108 262   1   0   0   2  0  0
 109 763   0   5   4   3  0  0
 110 212   2   0   0   6  0  0
 111 564   0   7  19   9  0  0
 112 660   0  10   0   0  1  0
 113 564   0  11  20  12  0  0
 114 212   2   0   0   6  0  0
 115 564   0   7  21   9  0  0
 116 660   0  10   0   0  1  0
 117 564   0  11  22  12  0  0
 118 212   0   0   0   6  0  0
 119 564   0   0   0   9  0  0
 120 93600   0   0   0   0  0  0
 121  10   0   0   0   0  0  1
 122  25   0   0   0   1  0  0
 123 262   1   0   0   2  0  0
 124 763   0   5   4   3  0  0
 125 212   2   0   0   6  0  0
 126 564   0   7  23   9  0  0
 127 660   0  10   0   0  1  0
 128 564   0  11  24  12  0  0
 129 212   2   0   0   6  0  0
 130 564   0   7  25   9  0  0
 131 660   0  10   0   0  1  0
 132 564   0  11  26  12  0  0
 133 212   0   0   0   6  0  0
 134 564   0   0   0   9  0  0
 135 93600   0   0   0   0  0  0
 136  10   0   0   0   0  0  1
 137  25   0   0   0   1  0  0
 138 262   1   0   0   2  0  0
 139 763   0   5   4   3  0  0
 140 212   2   0   0   6  0  0
 141 564   0   7  23   9  0  0
 142 660   0  10   0   0  1  0
 143 564   0  11  24  12  0  0
 144 212   2   0   0   6  0  0
 145 564   0   7  25   9  0  0
 146 660   0  10   0   0  1  0
 147 564   0  11  26  12  0  0
 148 212   0   0   0   6  0  0
 149 564   0   0   0   9  0  0
 150 93600   0   0   0   0  0  0
 151  10   0   0   0   0  0  1
 152  25   0   0   0   1  0  0
 153 262   1   0   0   2  0  0
 154 763   0   5   4   3  0  0
 155 212   2   0   0   6  0  0
 156 564   0   7  27   9  0  0
 157 660   0  10   0   0  1  0
 158 564   0  11  28  12  0  0
 159 212   2   0   0   6  0  0
 160 564   0   7  29   9  0  0
 161 660   0  10   0   0  1  0
 162 564   0  11  30  12  0  0
 163 212   0   0   0   6  0  0
 164 564   0   0   0   9  0  0
 165 93600   0   0   0   0  0  0
 166  10   0   0   0   0  0  1
 167  25   0   0   0   1  0  0
 168 262   1   0   0   2  0  0
 169 763   0   5   4   3  0  0
 170 212   2   0   0   6  0  0
 171 564   0   7  27   9  0  0
 172 660   0  10   0   0  1  0
 173 564   0  11  28  12  0  0
 174 212   2   0   0   6  0  0
 175 564   0   7  29   9  0  0
 176 660   0  10   0   0  1  0
 177 564   0  11  30  12  0  0
 178 212   0   0   0   6  0  0
 179 564   0   0   0   9  0  0
 180 93600   0   0   0   0  0  0
 181  10   0   0   0   0  0  1
 182  25   0   0   0   1  0  0
 183 262   1   0   0   2  0  0
 184 763   0   5   4   3  0  0
 185 212   2   0   0   6  0  0
 186 564   0   7  31   9  0  0
 187 660   0  10   0   0  1  0
 188 564   0  11  32  12  0  0
 189 212   2   0   0   6  0  0
 190 564   0   7  33   9  0  0
 191 660   0  10   0   0  1  0
 192 564   0  11  34  12  0  0
 193 212   0   0   0   6  0  0
 194 564   0   0   0   9  0  0
 195 93600   0   0   0   0  0  0
 196  10   0   0   0   0  0  1
 197  25   0   0   0   1  0  0
 198 262   1   0   0   2  0  0
 199 763   0   5   4   3  0  0
 200 212   2   0   0   6  0  0
 201 564   0   7  31   9  0  0
 202 660   0  10   0   0  1  0
 203 564   0  11  32  12  0  0
 204 212   2   0   0   6  0  0
 205 564   0   7  33   9  0  0
 206 660   0  10   0   0  1  0
 207 564   0  11  34  12  0  0
 208 212   0   0   0   6  0  0
 209 564   0   0   0   9  0  0
 210 93600   0   0   0   0  0  0
 211  10   0   0   0   0  0  1
 212  25   0   0   0   1  0  0
 213 262   1   0   0   2  0  0
 214 763   0   5   4   3  0  0
 215 212   2   0   0   6  0  0
 216 564   0   7  35   9  0  0
 217 660   0  10   0   0  1  0
 218 564   0  11  36  12  0  0
 219 212   2   0   0   6  0  0
 220 564   0   7  37   9  0  0
 221 660   0  10   0   0  1  0
 222 564   0  11  38  12  0  0
 223 212   0   0   0   6  0  0
 224 564   0   0   0   9  0  0
 225 93600   0   0   0   0  0  0
 226  10   0   0   0   0  0  1
 227  25   0   0   0   1  0  0
 228 262   1   0   0   2  0  0
 229 763   0   5   4   3  0  0
 230 212   2   0   0   6  0  0
 231 564   0   7  35   9  0  0
 232 660   0  10   0   0  1  0
 233 564   0  11  36  12  0  0
 234 212   2   0   0   6  0  0
 235 564   0   7  37   9  0  0
 236 660   0  10   0   0  1  0
 237 564   0  11  38  12  0  0
 238 212   0   0   0   6  0  0
 239 564   0   0   0   9  0  0
 240 93600   0   0   0   0  0  0
 241  10   0   0   0   0  0  1
 242  25   0   0   0   1  0  0
 243 262   1   0   0   2  0  0
 244 763   0   5   4   3  0  0
 245 212   2   0   0   6  0  0
 246 564   0   7  39   9  0  0
 247 660   0  10   0   0  1  0
 248 564   0  11  40  12  0  0
 249 212   2   0   0   6  0  0
 250 564   0   7  41   9  0  0
 251 660   0  10   0   0  1  0
 252 564   0  11  42  12  0  0
 253 212   0   0   0   6  0  0
 254 564   0   0   0   9  0  0
 255 93600   0   0   0   0  0  0
 256  10   0   0   0   0  0  1
 257  25   0   0   0   1  0  0
 258 262   1   0   0   2  0  0
 259 763   0   5   4   3  0  0
 260 212   2   0   0   6  0  0
 261 564   0   7  39   9  0  0
 262 660   0  10   0   0  1  0
 263 564   0  11  40  12  0  0
 264 212   2   0   0   6  0  0
 265 564   0   7  41   9  0  0
 266 660   0  10   0   0  1  0
 267 564   0  11  42  12  0  0
 268 212   0   0   0   6  0  0
 269 564   0   0   0   9  0  0
 270 93600   0   0   0   0  0  0
 271  10   0   0   0   0  0  1
 272  25   0   0   0   1  0  0
 273 262   1   0   0   2  0  0
 274 763   0   5   4   3  0  0
 275 212   2   0   0   6  0  0
 276 564   0   7  43   9  0  0
 277 660   0  10   0   0  1  0
 278 564   0  11  44  12  0  0
 279 212   2   0   0   6  0  0
 280 564   0   7  45   9  0  0
 281 660   0  10   0   0  1  0
 282 564   0  11  46  12  0  0
 283 212   0   0   0   6  0  0
 284 564   0   0   0   9  0  0
 285 93600   0   0   0   0  0  0
 286  10   0   0   0   0  0  1
 287  25   0   0   0   1  0  0
 288 262   1   0   0   2  0  0
 289 763   0   5   4   3  0  0
 290 212   2   0   0   6  0  0
 291 564   0   7  43   9  0  0
 292 660   0  10   0   0  1  0
 293 564   0  11  44  12  0  0
 294 212   2   0   0   6  0  0
 295 564   0   7  45   9  0  0
 296 660   0  10   0   0  1  0
 297 564   0  11  46  12  0  0
 298 212   0   0   0   6  0  0
 299 564   0   0   0   9  0  0
 300 93600   0   0   0   0  0  0
 301  10   0   0   0   0  0  1
 302  25   0   0   0   1  0  0
 303 262   1   0   0   2  0  0
 304 763   0   5   4   3  0  0
 305 212   2   0   0   6  0  0
 306 564   0   7  47   9  0  0
 307 660   0  10   0   0  1  0
 308 564   0  11  48  12  0  0
 309 212   2   0   0   6  0  0
 310 564   0   7  49   9  0  0
 311 660   0  10   0   0  1  0
 312 564   0  11  50  12  0  0
 313 212   0   0   0   6  0  0
 314 564   0   0   0   9  0  0
 315 93600   0   0   0   0  0  0
 316  10   0   0   0   0  0  1
 317  25   0   0   0   1  0  0
 318 262   1   0   0   2  0  0
 319 763   0   5   4   3  0  0
 320 212   2   0   0   6  0  0
 321 564   0   7  47   9  0  0
 322 660   0  10   0   0  1  0
 323 564   0  11  48  12  0  0
 324 212   2   0   0   6  0  0
 325 564   0   7  49   9  0  0
 326 660   0  10   0   0  1  0
 327 564   0  11  50  12  0  0
 328 212   0   0   0   6  0  0
 329 564   0   0   0   9  0  0
 330 93600   0   0   0   0  0  0
 331  10   0   0   0   0  0  1
 332  25   0   0   0   1  0  0
 333 262   1   0   0   2  0  0
 334 763   0   5   4   3  0  0
 335 212   2   0   0   6  0  0
 336 564   0   7  51   9  0  0
 337 660   0  10   0   0  1  0
 338 564   0  11  52  12  0  0
 339 212   2   0   0   6  0  0
 340 564   0   7  53   9  0  0
 341 660   0  10   0   0  1  0
 342 564   0  11  54  12  0  0
 343 212   0   0   0   6  0  0
 344 564   0   0   0   9  0  0
 345 93600   0   0   0   0  0  0
 346  10   0   0   0   0  0  1
 347  25   0   0   0   1  0  0
 348 262   1   0   0   2  0  0
 349 763   0   5   4   3  0  0
 350 212   2   0   0   6  0  0
 351 564   0   7  51   9  0  0
 352 660   0  10   0   0  1  0
 353 564   0  11  52  12  0  0
 354 212   2   0   0   6  0  0
 355 564   0   7  53   9  0  0
 356 660   0  10   0   0  1  0
 357 564   0  11  54  12  0  0
 358 212   0   0   0   6  0  0
 359 564   0   0   0   9  0  0
 360 93600   0   0   0   0  0  0
 361  10   0   0   0   0  0  1
 362  25   0   0   0   1  0  0
 363 262   1   0   0   2  0  0
 364 763   0   5   4   3  0  0
 365 212   2   0   0   6  0  0
 366 564   0   7  55   9  0  0
 367 660   0  10   0   0  1  0
 368 564   0  11  56  12  0  0
 369 212   2   0   0   6  0  0
 370 564   0   7  57   9  0  0
 371 660   0  10   0   0  1  0
 372 564   0  11  58  12  0  0
 373 212   0   0   0   6  0  0
 374 564   0   0   0   9  0  0
 375 93600   0   0   0   0  0  0
 376  10   0   0   0   0  0  1
 377  25   0   0   0   1  0  0
 378 262   1   0   0   2  0  0
 379 763   0   5   4   3  0  0
 380 212   2   0   0   6  0  0
 381 564   0   7  55   9  0  0
 382 660   0  10   0   0  1  0
 383 564   0  11  56  12  0  0
 384 212   2   0   0   6  0  0
 385 564   0   7  57   9  0  0
 386 660   0  10   0   0  1  0
 387 564   0  11  58  12  0  0
 388 212   0   0   0   6  0  0
 389 564   0   0   0   9  0  0
 390 93600   0   0   0   0  0  0
 391  10   0   0   0   0  0  1
 392  25   0   0   0   1  0  0
 393 262   1   0   0   2  0  0
 394 763   0   5   4   3  0  0
 395 212   2   0   0   6  0  0
 396 564   0   7  59   9  0  0
 397 660   0  10   0   0  1  0
 398 564   0  11  60  12  0  0
 399 212   2   0   0   6  0  0
 400 564   0   7  61   9  0  0
 401 660   0  10   0   0  1  0
 402 564   0  11  62  12  0  0
 403 212   0   0   0   6  0  0
 404 564   0   0   0   9  0  0
 405 93600   0   0   0   0  0  0
 406  10   0   0   0   0  0  1
 407  25   0   0   0   1  0  0
 408 262   1   0   0   2  0  0
 409 763   0   5   4   3  0  0
 410 212   2   0   0   6  0  0
 411 564   0   7  59   9  0  0
 412 660   0  10   0   0  1  0
 413 564   0  11  60  12  0  0
 414 212   2   0   0   6  0  0
 415 564   0   7  61   9  0  0
 416 660   0  10   0   0  1  0
 417 564   0  11  62  12  0  0
 418 212   0   0   0   6  0  0
 419 564   0   0   0   9  0  0
 420 93600   0   0   0   0  0  0
 421  10   0   0   0   0  0  1
 422  25   0   0   0   1  0  0
 423 262   1   0   0   2  0  0
 424 763   0   5   4   3  0  0
 425 212   2   0   0   6  0  0
 426 564   0   7  63   9  0  0
 427 660   0  10   0   0  1  0
 428 564   0  11  64  12  0  0
 429 212   2   0   0   6  0  0
 430 564   0   7  65   9  0  0
 431 660   0  10   0   0  1  0
 432 564   0  11  66  12  0  0
 433 212   0   0   0   6  0  0
 434 564   0   0   0   9  0  0
 435 93600   0   0   0   0  0  0
 436  10   0   0   0   0  0  1
 437  25   0   0   0   1  0  0
 438 262   1   0   0   2  0  0
 439 763   0   5   4   3  0  0
 440 212   2   0   0   6  0  0
 441 564   0   7  63   9  0  0
 442 660   0  10   0   0  1  0
 443 564   0  11  64  12  0  0
 444 212   2   0   0   6  0  0
 445 564   0   7  65   9  0  0
 446 660   0  10   0   0  1  0
 447 564   0  11  66  12  0  0
 448 212   0   0   0   6  0  0
 449 564   0   0   0   9  0  0
 450 93600   0   0   0   0  0  0
 451  10   0   0   0   0  0  1
 452  25   0   0   0   1  0  0
 453 262   1   0   0   2  0  0
 454 763   0   5   4   3  0  0
 455 212   2   0   0   6  0  0
 456 564   0   7  67   9  0  0
 457 660   0  10   0   0  1  0
 458 564   0  11  68  12  0  0
 459 212   2   0   0   6  0  0
 460 564   0   7  69   9  0  0
 461 660   0  10   0   0  1  0
 462 564   0  11  70  12  0  0
 463 212   0   0   0   6  0  0
 464 564   0   0   0   9  0  0
 465 93600   0   0   0   0  0  0
 466  10   0   0   0   0  0  1
 467  25   0   0   0   1  0  0
 468 262   1   0   0   2  0  0
 469 763   0   5   4   3  0  0
 470 212   2   0   0   6  0  0
 471 564   0   7  67   9  0  0
 472 660   0  10   0   0  1  0
 473 564   0  11  68  12  0  0
 474 212   2   0   0   6  0  0
 475 564   0   7  69   9  0  0
 476 660   0  10   0   0  1  0
 477 564   0  11  70  12  0  0
 478 212   0   0   0   6  0  0
 479 564   0   0   0   9  0  0
 480 93600   0   0   0   0  0  0
 481  10   0   0   0   0  0  1
 482  25   0   0   0   1  0  0
 483 262   1   0   0   2  0  0
 484 763   0   5   4   3  0  0
 485 212   2   0   0   6  0  0
 486 564   0   7  71   9  0  0
 487 660   0  10   0   0  1  0
 488 564   0  11  72  12  0  0
 489 212   2   0   0   6  0  0
 490 564   0   7  73   9  0  0
 491 660   0  10   0   0  1  0
 492 564   0  11  74  12  0  0
 493 212   0   0   0   6  0  0
 494 564   0   0   0   9  0  0
 495 93600   0   0   0   0  0  0
 496  10   0   0   0   0  0  1
 497  25   0   0   0   1  0  0
 498 262   1   0   0   2  0  0
 499 763   0   5   4   3  0  0
 500 212   2   0   0   6  0  0
 501 564   0   7  71   9  0  0
 502 660   0  10   0   0  1  0
 503 564   0  11  72  12  0  0
 504 212   2   0   0   6  0  0
 505 564   0   7  73   9  0  0
 506 660   0  10   0   0  1  0
 507 564   0  11  74  12  0  0
 508 212   0   0   0   6  0  0
 509 564   0   0   0   9  0  0
 510 93600   0   0   0   0  0  0
 511  10   0   0   0   0  0  1
 512  25   0   0   0   1  0  0
 513 262   1   0   0   2  0  0
 514 763   0   5   4   3  0  0
 515 212   2   0   0   6  0  0
 516 564   0   7  75   9  0  0
 517 660   0  10   0   0  1  0
 518 564   0  11  76  12  0  0
 519 212   2   0   0   6  0  0
 520 564   0   7  77   9  0  0
 521 660   0  10   0   0  1  0
 522 564   0  11  78  12  0  0
 523 212   0   0   0   6  0  0
 524 564   0   0   0   9  0  0
 525 93600   0   0   0   0  0  0
 526  10   0   0   0   0  0  1
 527  25   0   0   0   1  0  0
 528 262   1   0   0   2  0  0
 529 763   0   5   4   3  0  0
 530 212   2   0   0   6  0  0
 531 564   0   7  75   9  0  0
 532 660   0  10   0   0  1  0
 533 564   0  11  76  12  0  0
 534 212   2   0   0   6  0  0
 535 564   0   7  77   9  0  0
 536 660   0  10   0   0  1  0
 537 564   0  11  78  12  0  0
 538 212   0   0   0   6  0  0
 539 564   0   0   0   9  0  0
 540 93600   0   0   0   0  0  0
 541  10   0   0   0   0  0  1
 542  25   0   0   0   1  0  0
 543 262   1   0   0   2  0  0
 544 763   0   5   4   3  0  0
 545 212   2   0   0   6  0  0
 546 564   0   7  79   9  0  0
 547 660   0  10   0   0  1  0
 548 564   0  11  80  12  0  0
 549 212   2   0   0   6  0  0
 550 564   0   7  81   9  0  0
 551 660   0  10   0   0  1  0
 552 564   0  11  82  12  0  0
 553 212   0   0   0   6  0  0
 554 564   0   0   0   9  0  0
 555 93600   0   0   0   0  0  0
 556  10   0   0   0   0  0  1
 557  25   0   0   0   1  0  0
 558 262   1   0   0   2  0  0
 559 763   0   5   4   3  0  0
 560 212   2   0   0   6  0  0
 561 564   0   7  79   9  0  0
 562 660   0  10   0   0  1  0
 563 564   0  11  80  12  0  0
 564 212   2   0   0   6  0  0
 565 564   0   7  81   9  0  0
 566 660   0  10   0   0  1  0
 567 564   0  11  82  12  0  0
 568 212   0   0   0   6  0  0
 569 564   0   0   0   9  0  0
 570 93600   0   0   0   0  0  0
 571  10   0   0   0   0  0  1
 572  25   0   0   0   1  0  0
 573 262   1   0   0   2  0  0
 574 763   0   5   4   3  0  0
 575 212   2   0   0   6  0  0
 576 564   0   7  83   9  0  0
 577 660   0  10   0   0  1  0
 578 564   0  11  84  12  0  0
 579 212   2   0   0   6  0  0
 580 564   0   7  85   9  0  0
 581 660   0  10   0   0  1  0
 582 564   0  11  86  12  0  0
 583 212   0   0   0   6  0  0
 584 564   0   0   0   9  0  0
 585 93600   0   0   0   0  0  0
 586  10   0   0   0   0  0  1
 587  25   0   0   0   1  0  0
 588 262   1   0   0   2  0  0
 589 763   0   5   4   3  0  0
 590 212   2   0   0   6  0  0
 591 564   0   7  83   9  0  0
 592 660   0  10   0   0  1  0
 593 564   0  11  84  12  0  0
 594 212   2   0   0   6  0  0
 595 564   0   7  85   9  0  0
 596 660   0  10   0   0  1  0
 597 564   0  11  86  12  0  0
 598 212   0   0   0   6  0  0
 599 564   0   0   0   9  0  0
 600 93600   0   0   0   0  0  0
 601  10   0   0   0   0  0  1
 602  25   0   0   0   1  0  0
 603 262   1   0   0   2  0  0
 604 763   0   5   4   3  0  0
 605 212   2   0   0   6  0  0
 606 564   0   7  87   9  0  0
 607 660   0  10   0   0  1  0
 608 564   0  11  88  12  0  0
 609 212   2   0   0   6  0  0
 610 564   0   7  89   9  0  0
 611 660   0  10   0   0  1  0
 612 564   0  11  90  12  0  0
 613 212   0   0   0   6  0  0
 614 564   0   0   0   9  0  0
 615 93600   0   0   0   0  0  0
 616  10   0   0   0   0  0  1
 617  25   0   0   0   1  0  0
 618 262   1   0   0   2  0  0
 619 763   0   5   4   3  0  0
 620 212   2   0   0   6  0  0
 621 564   0   7  87   9  0  0
 622 660   0  10   0   0  1  0
 623 564   0  11  88  12  0  0
 624 212   2   0   0   6  0  0
 625 564   0   7  89   9  0  0
 626 660   0  10   0   0  1  0
 627 564   0  11  90  12  0  0
 628 212   0   0   0   6  0  0
 629 564   0   0   0   9  0  0
 630 93600   0   0   0   0  0  0
 631  10   0   0   0   0  0  1
 632  25   0   0   0   1  0  0
 633 262   1   0   0   2  0  0
 634 763   0   5   4   3  0  0
 635 212   2   0   0   6  0  0
 636 564   0   7  91   9  0  0
 637 660   0  10   0   0  1  0
 638 564   0  11  92  12  0  0
 639 212   2   0   0   6  0  0
 640 564   0   7  93   9  0  0
 641 660   0  10   0   0  1  0
 642 564   0  11  94  12  0  0
 643 212   0   0   0   6  0  0
 644 564   0   0   0   9  0  0
 645 93600   0   0   0   0  0  0
 646  10   0   0   0   0  0  1
 647  25   0   0   0   1  0  0
 648 262   1   0   0   2  0  0
 649 763   0   5   4   3  0  0
 650 212   2   0   0   6  0  0
 651 564   0   7  91   9  0  0
 652 660   0  10   0   0  1  0
 653 564   0  11  92  12  0  0
 654 212   2   0   0   6  0  0
 655 564   0   7  93   9  0  0
 656 660   0  10   0   0  1  0
 657 564   0  11  94  12  0  0
 658 212   0   0   0   6  0  0
 659 564   0   0   0   9  0  0
 660 93600   0   0   0   0  0  0
 661  10   0   0   0   0  0  1
 662  25   0   0   0   1  0  0
 663 262   1   0   0   2  0  0
 664 763   0   5   4   3  0  0
 665 212   2   0   0   6  0  0
 666 564   0   7  95   9  0  0
 667 660   0  10   0   0  1  0
 668 564   0  11  96  12  0  0
 669 212   2   0   0   6  0  0
 670 564   0   7  97   9  0  0
 671 660   0  10   0   0  1  0
 672 564   0  11  98  12  0  0
 673 212   0   0   0   6  0  0
 674 564   0   0   0   9  0  0
 675 93600   0   0   0   0  0  0
 676  10   0   0   0   0  0  1
 677  25   0   0   0   1  0  0
 678 262   1   0   0   2  0  0
 679 763   0   5   4   3  0  0
 680 212   2   0   0   6  0  0
 681 564   0   7  95   9  0  0
 682 660   0  10   0   0  1  0
 683 564   0  11  96  12  0  0
 684 212   2   0   0   6  0  0
 685 564   0   7  97   9  0  0
 686 660   0  10   0   0  1  0
 687 564   0  11  98  12  0  0
 688 212   0   0   0   6  0  0
 689 564   0   0   0   9  0  0
 690 93600   0   0   0   0  0  0
 691  10   0   0   0   0  0  1
 692  25   0   0   0   1  0  0
 693 262   1   0   0   2  0  0
 694 763   0   5   4   3  0  0
 695 212   2   0   0   6  0  0
 696 564   0   7  99   9  0  0
 697 660   0  10   0   0  1  0
 698 564   0  11 100  12  0  0
 699 212   2   0   0   6  0  0
 700 564   0   7 101   9  0  0
 701 660   0  10   0   0  1  0
 702 564   0  11 102  12  0  0
 703 212   0   0   0   6  0  0
 704 564   0   0   0   9  0  0
 705 93600   0   0   0   0  0  0
 706  10   0   0   0   0  0  1
 707  25   0   0   0   1  0  0
 708 262   1   0   0   2  0  0
 709 763   0   5   4   3  0  0
 710 212   2   0   0   6  0  0
 711 564   0   7  99   9  0  0
 712 660   0  10   0   0  1  0
 713 564   0  11 100  12  0  0
 714 212   2   0   0   6  0  0
 715 564   0   7 101   9  0  0
 716 660   0  10   0   0  1  0
 717 564   0  11 102  12  0  0
 718 212   0   0   0   6  0  0
 719 564   0   0   0   9  0  0
 720 93600   0   0   0   0  0  0
 721  10   0   0   0   0  0  1
 722  25   0   0   0   1  0  0
 723 262   1   0   0   2  0  0
 724 763   0   5   4   3  0  0
 725 212   2   0   0   6  0  0
 726 564   0   7 103   9  0  0
 727 660   0  10   0   0  1  0
 728 564   0  11 104  12  0  0
 729 212   2   0   0   6  0  0
 730 564   0   7 105   9  0  0
 731 660   0  10   0   0  1  0
 732 564   0  11 106  12  0  0
 733 212   0   0   0   6  0  0
 734 564   0   0   0   9  0  0
 735 93600   0   0   0   0  0  0
 736  10   0   0   0   0  0  1
 737  25   0   0   0   1  0  0
 738 262   1   0   0   2  0  0
 739 763   0   5   4   3  0  0
 740 212   2   0   0   6  0  0
 741 564   0   7 103   9  0  0
 742 660   0  10   0   0  1  0
 743 564   0  11 104  12  0  0
 744 212   2   0   0   6  0  0
 745 564   0   7 105   9  0  0
 746 660   0  10   0   0  1  0
 747 564   0  11 106  12  0  0
 748 212   0   0   0   6  0  0
 749 564   0   0   0   9  0  0
 750 93600   0   0   0   0  0  0
 751  10   0   0   0   0  0  1
 752  25   0   0   0   1  0  0
 753 262   1   0   0   2  0  0
 754 763   0   5   4   3  0  0
 755 212   2   0   0   6  0  0
 756 564   0   7 107   9  0  0
 757 660   0  10   0   0  1  0
 758 564   0  11 108  12  0  0
 759 212   2   0   0   6  0  0
 760 564   0   7 109   9  0  0
 761 660   0  10   0   0  1  0
 762 564   0  11 110  12  0  0
 763 212   0   0   0   6  0  0
 764 564   0   0   0   9  0  0
 765 93600   0   0   0   0  0  0
 766  10   0   0   0   0  0  1
 767  25   0   0   0   1  0  0
 768 262   1   0   0   2  0  0
 769 763   0   5   4   3  0  0
 770 212   2   0   0   6  0  0
 771 564   0   7 107   9  0  0
 772 660   0  10   0   0  1  0
 773 564   0  11 108  12  0  0
 774 212   2   0   0   6  0  0
 775 564   0   7 109   9  0  0
 776 660   0  10   0   0  1  0
 777 564   0  11 110  12  0  0
 778 212   0   0   0   6  0  0
 779 564   0   0   0   9  0  0
 780 93600   0   0   0   0  0  0
 781  10   0   0   0   0  0  1
 782  25   0   0   0   1  0  0
 783 262   1   0   0   2  0  0
 784 763   0   5   4   3  0  0
 785 212   2   0   0   6  0  0
 786 564   0   7 111   9  0  0
 787 660   0  10   0   0  1  0
 788 564   0  11 112  12  0  0
 789 212   2   0   0   6  0  0
 790 564   0   7 113   9  0  0
 791 660   0  10   0   0  1  0
 792 564   0  11 114  12  0  0
 793 212   0   0   0   6  0  0
 794 564   0   0   0   9  0  0
 795 93600   0   0   0   0  0  0
 796  10   0   0   0   0  0  1
 797  25   0   0   0   1  0  0
 798 262   1   0   0   2  0  0
 799 763   0   5   4   3  0  0
 800 212   2   0   0   6  0  0
 801 564   0   7 111   9  0  0
 802 660   0  10   0   0  1  0
 803 564   0  11 112  12  0  0
 804 212   2   0   0   6  0  0
 805 564   0   7 113   9  0  0
 806 660   0  10   0   0  1  0
 807 564   0  11 114  12  0  0
 808 212   0   0   0   6  0  0
 809 564   0   0   0   9  0  0
 810 93600   0   0   0   0  0  0
 811  10   0   0   0   0  0  1
 812  25   0   0   0   1  0  0
 813 262   1   0   0   2  0  0
 814 763   0   5   4   3  0  0
 815 212   2   0   0   6  0  0
 816 564   0   7 115   9  0  0
 817 660   0  10   0   0  1  0
 818 564   0  11 116  12  0  0
 819 212   2   0   0   6  0  0
 820 564   0   7 117   9  0  0
 821 660   0  10   0   0  1  0
 822 564   0  11 118  12  0  0
 823 212   0   0   0   6  0  0
 824 564   0   0   0   9  0  0
 825 93600   0   0   0   0  0  0
 826  10   0   0   0   0  0  1
 827  25   0   0   0   1  0  0
 828 262   1   0   0   2  0  0
 829 763   0   5   4   3  0  0
 830 212   2   0   0   6  0  0
 831 564   0   7 115   9  0  0
 832 660   0  10   0   0  1  0
 833 564   0  11 116  12  0  0
 834 212   2   0   0   6  0  0
 835 564   0   7 117   9  0  0
 836 660   0  10   0   0  1  0
 837 564   0  11 118  12  0  0
 838 212   0   0   0   6  0  0
 839 564   0   0   0   9  0  0
 840 93600   0   0   0   0  0  0
 841  10   0   0   0   0  0  1
 842  25   0   0   0   1  0  0
 843 262   1   0   0   2  0  0
 844 763   0   5   4   3  0  0
 845 212   2   0   0   6  0  0
 846 564   0   7 119   9  0  0
 847 660   0  10   0   0  1  0
 848 564   0  11 120  12  0  0
 849 212   2   0   0   6  0  0
 850 564   0   7 121   9  0  0
 851 660   0  10   0   0  1  0
 852 564   0  11 122  12  0  0
 853 212   0   0   0   6  0  0
 854 564   0   0   0   9  0  0
 855 93600   0   0   0   0  0  0
 856  10   0   0   0   0  0  1
 857  25   0   0   0   1  0  0
 858 262   1   0   0   2  0  0
 859 763   0   5   4   3  0  0
 860 212   2   0   0   6  0  0
 861 564   0   7 119   9  0  0
 862 660   0  10   0   0  1  0
 863 564   0  11 120  12  0  0
 864 212   2   0   0   6  0  0
 865 564   0   7 121   9  0  0
 866 660   0  10   0   0  1  0
 867 564   0  11 122  12  0  0
 868 212   0   0   0   6  0  0
 869 564   0   0   0   9  0  0
 870 93600   0   0   0   0  0  0
 871  10   0   0   0   0  0  1
 872  25   0   0   0   1  0  0
 873 262   1   0   0   2  0  0
 874 763   0   5   4   3  0  0
 875 212   2   0   0   6  0  0
 876 564   0   7 123   9  0  0
 877 660   0  10   0   0  1  0
 878 564   0  11 124  12  0  0
 879 212   2   0   0   6  0  0
 880 564   0   7 125   9  0  0
 881 660   0  10   0   0  1  0
 882 564   0  11 126  12  0  0
 883 212   0   0   0   6  0  0
 884 564   0   0   0   9  0  0
 885 93600   0   0   0   0  0  0
 886  10   0   0   0   0  0  1
 887  25   0   0   0   1  0  0
 888 262   1   0   0   2  0  0
 889 763   0   5   4   3  0  0
 890 212   2   0   0   6  0  0
 891 564   0   7 123   9  0  0
 892 660   0  10   0   0  1  0
 893 564   0  11 124  12  0  0
 894 212   2   0   0   6  0  0
 895 564   0   7 125   9  0  0
 896 660   0  10   0   0  1  0
 897 564   0  11 126  12  0  0
 898 212   0   0   0   6  0  0
 899 564   0   0   0   9  0  0
 900 93600   0   0   0   0  0  0
 901  10   0   0   0   0  0  1
 902  25   0   0   0   1  0  0
 903 262   1   0   0   2  0  0
 904 763   0   5   4   3  0  0
 905 212   2   0   0   6  0  0
 906 564   0   7 127   9  0  0
 907 660   0  10   0   0  1  0
 908 564   0  11 128  12  0  0
 909 212   2   0   0   6  0  0
 910 564   0   7 129   9  0  0
 911 660   0  10   0   0  1  0
 912 564   0  11 130  12  0  0
 913 212   0   0   0   6  0  0
 914 564   0   0   0   9  0  0
 915 93600   0   0   0   0  0  0
 916  10   0   0   0   0  0  1
 917  25   0   0   0   1  0  0
 918 262   1   0   0   2  0  0
 919 763   0   5   4   3  0  0
 920 212   2   0   0   6  0  0
 921 564   0   7 127   9  0  0
 922 660   0  10   0   0  1  0
 923 564   0  11 128  12  0  0
 924 212   2   0   0   6  0  0
 925 564   0   7 129   9  0  0
 926 660   0  10   0   0  1  0
 927 564   0  11 130  12  0  0
 928 212   0   0   0   6  0  0
 929 564   0   0   0   9  0  0
 930 93600   0   0   0   0  0  0
 931  10   0   0   0   0  0  1
 932  25   0   0   0   1  0  0
 933 262   1   0   0   2  0  0
 934 763   0   5   4   3  0  0
 935 212   2   0   0   6  0  0
 936 564   0   7 131   9  0  0
 937 660   0  10   0   0  1  0
 938 564   0  11 132  12  0  0
 939 212   2   0   0   6  0  0
 940 564   0   7 133   9  0  0
 941 660   0  10   0   0  1  0
 942 564   0  11 134  12  0  0
 943 212   0   0   0   6  0  0
 944 564   0   0   0   9  0  0
 945 93600   0   0   0   0  0  0
 946  10   0   0   0   0  0  1
 947  25   0   0   0   1  0  0
 948 262   1   0   0   2  0  0
 949 763   0   5   4   3  0  0
 950 212   2   0   0   6  0  0
 951 564   0   7 131   9  0  0
 952 660   0  10   0   0  1  0
 953 564   0  11 132  12  0  0
 954 212   2   0   0   6  0  0
 955 564   0   7 133   9  0  0
 956 660   0  10   0   0  1  0
 957 564   0  11 134  12  0  0
 958 212   0   0   0   6  0  0
 959 564   0   0   0   9  0  0
 960 93600   0   0   0   0  0  0
 961  10   0   0   0   0  0  1
 962  25   0   0   0   1  0  0
 963 262   1   0   0   2  0  0
 964 763   0   5   4   3  0  0
 965 212   2   0   0   6  0  0
 966 564   0   7 135   9  0  0
 967 660   0  10   0   0  1  0
 968 564   0  11 136  12  0  0
 969 212   2   0   0   6  0  0
 970 564   0   7 137   9  0  0
 971 660   0  10   0   0  1  0
 972 564   0  11 138  12  0  0
 973 212   0   0   0   6  0  0
 974 564   0   0   0   9  0  0
 975 93600   0   0   0   0  0  0
 976  10   0   0   0   0  0  1
 977  25   0   0   0   1  0  0
 978 262   1   0   0   2  0  0
 979 763   0   5   4   3  0  0
 980 212   2   0   0   6  0  0
 981 564   0   7 135   9  0  0
 982 660   0  10   0   0  1  0
 983 564   0  11 136  12  0  0
 984 212   2   0   0   6  0  0
 985 564   0   7 137   9  0  0
 986 660   0  10   0   0  1  0
 987 564   0  11 138  12  0  0
 988 212   0   0   0   6  0  0
 989 564   0   0   0   9  0  0
 990 93600   0   0   0   0  0  0
 991  10   0   0   0   0  0  1
 992  25   0   0   0   1  0  0
 993 262   1   0   0   2  0  0
 994 763   0   5   4   3  0  0
 995 212   2   0   0   6  0  0
 996 564   0   7   8   9  0  0
 997 660   0  10   0   0  1  0
 998 564   0  11   8  12  0  0
 999 212   2   0   0   6  0  0
1000 564   0   7 139   9  0  0
1001 660   0  10   0   0  1  0
1002 564   0  11 140  12  0  0
1003 212   0   0   0   6  0  0
1004 564   0   0   0   9  0  0
1005 93600   0   0   0   0  0  0
1006  10   0   0   0   0  0  1
1007  25   0   0   0   1  0  0
1008 262   1   0   0   2  0  0
1009 763   0   5   4   3  0  0
1010 212   2   0   0   6  0  0
1011 564   0   7   8   9  0  0
1012 660   0  10   0   0  1  0
1013 564   0  11   8  12  0  0
1014 212   2   0   0   6  0  0
1015 564   0   7 139   9  0  0
1016 660   0  10   0   0  1  0
1017 564   0  11 140  12  0  0
1018 212   0   0   0   6  0  0
1019 564   0   0   0   9  0  0
1020 93600   0   0   0   0  0  0
1021  10   0   0   0   0  0  1
1022  25   0   0   0   1  0  0
1023 262   1   0   0   2  0  0
1024 763   0   5   4   3  0  0
1025 212   2   0   0   6  0  0
1026 564   0   7 136   9  0  0
1027 660   0  10   0   0  1  0
1028 564   0  11 135  12  0  0
1029 212   2   0   0   6  0  0
1030 564   0   7 138   9  0  0
1031 660   0  10   0   0  1  0
1032 564   0  11 137  12  0  0
1033 212   0   0   0   6  0  0
1034 564   0   0   0   9  0  0
1035 93600   0   0   0   0  0  0
1036  10   0   0   0   0  0  1
1037  25   0   0   0   1  0  0
1038 262   1   0   0   2  0  0
1039 763   0   5   4   3  0  0
1040 212   2   0   0   6  0  0
1041 564   0   7 136   9  0  0
1042 660   0  10   0   0  1  0
1043 564   0  11 135  12  0  0
1044 212   2   0   0   6  0  0
1045 564   0   7 138   9  0  0
1046 660   0  10   0   0  1  0
1047 564   0  11 137  12  0  0
1048 212   0   0   0   6  0  0
1049 564   0   0   0   9  0  0
1050 93600   0   0   0   0  0  0
1051  10   0   0   0   0  0  1
1052  25   0   0   0   1  0  0
1053 262   1   0   0   2  0  0
1054 763   0   5   4   3  0  0
1055 212   2   0   0   6  0  0
1056 564   0   7 132   9  0  0
1057 660   0  10   0   0  1  0
1058 564   0  11 131  12  0  0
1059 212   2   0   0   6  0  0
1060 564   0   7 134   9  0  0
1061 660   0  10   0   0  1  0
1062 564   0  11 133  12  0  0
1063 212   0   0   0   6  0  0
1064 564   0   0   0   9  0  0
1065 93600   0   0   0   0  0  0
1066  10   0   0   0   0  0  1
1067  25   0   0   0   1  0  0
1068 262   1   0   0   2  0  0
1069 763   0   5   4   3  0  0
1070 212   2   0   0   6  0  0
1071 564   0   7 132   9  0  0
1072 660   0  10   0   0  1  0
1073 564   0  11 131  12  0  0
1074 212   2   0   0   6  0  0
1075 564   0   7 134   9  0  0
1076 660   0  10   0   0  1  0
1077 564   0  11 133  12  0  0
1078 212   0   0   0   6  0  0
1079 564   0   0   0   9  0  0
1080 93600   0   0   0   0  0  0
1081  10   0   0   0   0  0  1
1082  25   0   0   0   1  0  0
1083 262   1   0   0   2  0  0
1084 763   0   5   4   3  0  0
1085 212   2   0   0   6  0  0
1086 564   0   7 128   9  0  0
1087 660   0  10   0   0  1  0
1088 564   0  11 127  12  0  0
1089 212   2   0   0   6  0  0
1090 564   0   7 130   9  0  0
1091 660   0  10   0   0  1  0
1092 564   0  11 129  12  0  0
1093 212   0   0   0   6  0  0
1094 564   0   0   0   9  0  0
1095 93600   0   0   0   0  0  0
1096  10   0   0   0   0  0  1
1097  25   0   0   0   1  0  0
1098 262   1   0   0   2  0  0
1099 763   0   5   4   3  0  0
1100 212   2   0   0   6  0  0
1101 564   0   7 128   9  0  0
1102 660   0  10   0   0  1  0
1103 564   0  11 127  12  0  0
1104 212   2   0   0   6  0  0
1105 564   0   7 130   9  0  0
1106 660   0  10   0   0  1  0
1107 564   0  11 129  12  0  0
1108 212   0   0   0   6  0  0
1109 564   0   0   0   9  0  0
1110 93600   0   0   0   0  0  0
1111  10   0   0   0   0  0  1
1112  25   0   0   0   1  0  0
1113 262   1   0   0   2  0  0
1114 763   0   5   4   3  0  0
1115 212   2   0   0   6  0  0
1116 564   0   7 124   9  0  0
1117 660   0  10   0   0  1  0
1118 564   0  11 123  12  0  0
1119 212   2   0   0   6  0  0
1120 564   0   7 126   9  0  0
1121 660   0  10   0   0  1  0
1122 564   0  11 125  12  0  0
1123 212   0   0   0   6  0  0
1124 564   0   0   0   9  0  0
1125 93600   0   0   0   0  0  0
1126  10   0   0   0   0  0  1
1127  25   0   0   0   1  0  0
1128 262   1   0   0   2  0  0
1129 763   0   5   4   3  0  0
1130 212   2   0   0   6  0  0
1131 564   0   7 124   9  0  0
1132 660   0  10   0   0  1  0
1133 564   0  11 123  12  0  0
1134 212   2   0   0   6  0  0
1135 564   0   7 126   9  0  0
1136 660   0  10   0   0  1  0
1137 564   0  11 125  12  0  0
1138 212   0   0   0   6  0  0
1139 564   0   0   0   9  0  0
1140 93600   0   0   0   0  0  0
1141  10   0   0   0   0  0  1
1142  25   0   0   0   1  0  0
1143 262   1   0   0   2  0  0
1144 763   0   5   4   3  0  0
1145 212   2   0   0   6  0  0
1146 564   0   7 120   9  0  0
1147 660   0  10   0   0  1  0
1148 564   0  11 119  12  0  0
1149 212   2   0   0   6  0  0
1150 564   0   7 122   9  0  0
1151 660   0  10   0   0  1  0
1152 564   0  11 121  12  0  0
1153 212   0   0   0   6  0  0
1154 564   0   0   0   9  0  0
1155 93600   0   0   0   0  0  0
1156  10   0   0   0   0  0  1
1157  25   0   0   0   1  0  0
1158 262   1   0   0   2  0  0
1159 763   0   5   4   3  0  0
1160 212   2   0   0   6  0  0
1161 564   0   7 120   9  0  0
1162 660   0  10   0   0  1  0
1163 564   0  11 119  12  0  0
1164 212   2   0   0   6  0  0
1165 564   0   7 122   9  0  0
1166 660   0  10   0   0  1  0
1167 564   0  11 121  12  0  0
1168 212   0   0   0   6  0  0
1169 564   0   0   0   9  0  0
1170 93600   0   0   0   0  0  0
1171  10   0   0   0   0  0  1
1172  25   0   0   0   1  0  0
1173 262   1   0   0   2  0  0
1174 763   0   5   4   3  0  0
1175 212   2   0   0   6  0  0
1176 564   0   7 116   9  0  0
1177 660   0  10   0   0  1  0
1178 564   0  11 115  12  0  0
1179 212   2   0   0   6  0  0
1180 564   0   7 118   9  0  0
1181 660   0  10   0   0  1  0
1182 564   0  11 117  12  0  0
1183 212   0   0   0   6  0  0
1184 564   0   0   0   9  0  0
1185 93600   0   0   0   0  0  0
1186  10   0   0   0   0  0  1
1187  25   0   0   0   1  0  0
1188 262   1   0   0   2  0  0
1189 763   0   5   4   3  0  0
1190 212   2   0   0   6  0  0
1191 564   0   7 116   9  0  0
1192 660   0  10   0   0  1  0
1193 564   0  11 115  12  0  0
1194 212   2   0   0   6  0  0
1195 564   0   7 118   9  0  0
1196 660   0  10   0   0  1  0
1197 564   0  11 117  12  0  0
1198 212   0   0   0   6  0  0
1199 564   0   0   0   9  0  0
1200 93600   0   0   0   0  0  0
1201  10   0   0   0   0  0  1
1202  25   0   0   0   1  0  0
1203 262   1   0   0   2  0  0
1204 763   0   5   4   3  0  0
1205 212   2   0   0   6  0  0
1206 564   0   7 112   9  0  0
1207 660   0  10   0   0  1  0
1208 564   0  11 111  12  0  0
1209 212   2   0   0   6  0  0
1210 564   0   7 114   9  0  0
1211 660   0  10   0   0  1  0
1212 564   0  11 113  12  0  0
1213 212   0   0   0   6  0  0
1214 564   0   0   0   9  0  0
1215 93600   0   0   0   0  0  0
1216  10   0   0   0   0  0  1
1217  25   0   0   0   1  0  0
1218 262   1   0   0   2  0  0
1219 763   0   5   4   3  0  0
1220 212   2   0   0   6  0  0
1221 564   0   7 112   9  0  0
1222 660   0  10   0   0  1  0
1223 564   0  11 111  12  0  0
1224 212   2   0   0   6  0  0
1225 564   0   7 114   9  0  0
1226 660   0  10   0   0  1  0
1227 564   0  11 113  12  0  0
1228 212   0   0   0   6  0  0
1229 564   0   0   0   9  0  0
1230 93600   0   0   0   0  0  0
1231  10   0   0   0   0  0  1
1232  25   0   0   0   1  0  0
1233 262   1   0   0   2  0  0
1234 763   0   5   4   3  0  0
1235 212   2   0   0   6  0  0
1236 564   0   7 108   9  0  0
1237 660   0  10   0   0  1  0
1238 564   0  11 107  12  0  0
1239 212   2   0   0   6  0  0
1240 564   0   7 110   9  0  0
1241 660   0  10   0   0  1  0
1242 564   0  11 109  12  0  0
1243 212   0   0   0   6  0  0
1244 564   0   0   0   9  0  0
1245 93600   0   0   0   0  0  0
1246  10   0   0   0   0  0  1
1247  25   0   0   0   1  0  0
1248 262   1   0   0   2  0  0
1249 763   0   5   4   3  0  0
1250 212   2   0   0   6  0  0
1251 564   0   7 108   9  0  0
1252 660   0  10   0   0  1  0
1253 564   0  11 107  12  0  0
1254 212   2   0   0   6  0  0
1255 564   0   7 110   9  0  0
1256 660   0  10   0   0  1  0
1257 564   0  11 109  12  0  0
1258 212   0   0   0   6  0  0
1259 564   0   0   0   9  0  0
1260 93600   0   0   0   0  0  0
1261  10   0   0   0   0  0  1
1262  25   0   0   0   1  0  0
1263 262   1   0   0   2  0  0
1264 763   0   5   4   3  0  0
1265 212   2   0   0   6  0  0
1266 564   0   7 104   9  0  0
1267 660   0  10   0   0  1  0
1268 564   0  11 103  12  0  0
1269 212   2   0   0   6  0  0
1270 564   0   7 106   9  0  0
1271 660   0  10   0   0  1  0
1272 564   0  11 105  12  0  0
1273 212   0   0   0   6  0  0
1274 564   0   0   0   9  0  0
1275 93600   0   0   0   0  0  0
1276  10   0   0   0   0  0  1
1277  25   0   0   0   1  0  0
1278 262   1   0   0   2  0  0
1279 763   0   5   4   3  0  0
1280 212   2   0   0   6  0  0
1281 564   0   7 104   9  0  0
1282 660   0  10   0   0  1  0
1283 564   0  11 103  12  0  0
1284 212   2   0   0   6  0  0
1285 564   0   7 106   9  0  0
1286 660   0  10   0   0  1  0
1287 564   0  11 105  12  0  0
1288 212   0   0   0   6  0  0
1289 564   0   0   0   9  0  0
1290 93600   0   0   0   0  0  0
1291  10   0   0   0   0  0  1
1292  25   0   0   0   1  0  0
1293 262   1   0   0   2  0  0
1294 763   0   5   4   3  0  0
1295 212   2   0   0   6  0  0
1296 564   0   7 100   9  0  0
1297 660   0  10   0   0  1  0
1298 564   0  11  99  12  0  0
1299 212   2   0   0   6  0  0
1300 564   0   7 102   9  0  0
1301 660   0  10   0   0  1  0
1302 564   0  11 101  12  0  0
1303 212   0   0   0   6  0  0
1304 564   0   0   0   9  0  0
1305 93600   0   0   0   0  0  0
1306  10   0   0   0   0  0  1
1307  25   0   0   0   1  0  0
1308 262   1   0   0   2  0  0
1309 763   0   5   4   3  0  0
1310 212   2   0   0   6  0  0
1311 564   0   7 100   9  0  0
1312 660   0  10   0   0  1  0
1313 564   0  11  99  12  0  0
1314 212   2   0   0   6  0  0
1315 564   0   7 102   9  0  0
1316 660   0  10   0   0  1  0
1317 564   0  11 101  12  0  0
1318 212   0   0   0   6  0  0
1319 564   0   0   0   9  0  0
1320 93600   0   0   0   0  0  0
1321  10   0   0   0   0  0  1
1322  25   0   0   0   1  0  0
1323 262   1   0   0   2  0  0
1324 763   0   5   4   3  0  0
1325 212   2   0   0   6  0  0
1326 564   0   7  96   9  0  0
1327 660   0  10   0   0  1  0
1328 564   0  11  95  12  0  0
1329 212   2   0   0   6  0  0
1330 564   0   7  98   9  0  0
1331 660   0  10   0   0  1  0
1332 564   0  11  97  12  0  0
1333 212   0   0   0   6  0  0
1334 564   0   0   0   9  0  0
1335 93600   0   0   0   0  0  0
1336  10   0   0   0   0  0  1
1337  25   0   0   0   1  0  0
1338 262   1   0   0   2  0  0
1339 763   0   5   4   3  0  0
1340 212   2   0   0   6  0  0
1341 564   0   7  96   9  0  0
1342 660   0  10   0   0  1  0
1343 564   0  11  95  12  0  0
1344 212   2   0   0   6  0  0
1345 564   0   7  98   9  0  0
1346 660   0  10   0   0  1  0
1347 564   0  11  97  12  0  0
1348 212   0   0   0   6  0  0
1349 564   0   0   0   9  0  0
1350 93600   0   0   0   0  0  0
1351  10   0   0   0   0  0  1
1352  25   0   0   0   1  0  0
1353 262   1   0   0   2  0  0
1354 763   0   5   4   3  0  0
1355 212   2   0   0   6  0  0
1356 564   0   7  92   9  0  0
1357 660   0  10   0   0  1  0
1358 564   0  11  91  12  0  0
1359 212   2   0   0   6  0  0
1360 564   0   7  94   9  0  0
1361 660   0  10   0   0  1  0
1362 564   0  11  93  12  0  0
1363 212   0   0   0   6  0  0
1364 564   0   0   0   9  0  0
1365 93600   0   0   0   0  0  0
1366  10   0   0   0   0  0  1
1367  25   0   0   0   1  0  0
1368 262   1   0   0   2  0  0
1369 763   0   5   4   3  0  0
1370 212   2   0   0   6  0  0
1371 564   0   7  92   9  0  0
1372 660   0  10   0   0  1  0
1373 564   0  11  91  12  0  0
1374 212   2   0   0   6  0  0
1375 564   0   7  94   9  0  0
1376 660   0  10   0   0  1  0
1377 564   0  11  93  12  0  0
1378 212   0   0   0   6  0  0
1379 564   0   0   0   9  0  0
1380 93600   0   0   0   0  0  0
1381  10   0   0   0   0  0  1
1382  25   0   0   0   1  0  0
1383 262   1   0   0   2  0  0
1384 763   0   5   4   3  0  0
1385 212   2   0   0   6  0  0
1386 564   0   7  88   9  0  0
1387 660   0  10   0   0  1  0
1388 564   0  11  87  12  0  0
1389 212   2   0   0   6  0  0
1390 564   0   7  90   9  0  0
1391 660   0  10   0   0  1  0
1392 564   0  11  89  12  0  0
1393 212   0   0   0   6  0  0
1394 564   0   0   0   9  0  0
1395 93600   0   0   0   0  0  0
1396  10   0   0   0   0  0  1
1397  25   0   0   0   1  0  0
1398 262   1   0   0   2  0  0
1399 763   0   5   4   3  0  0
1400 212   2   0   0   6  0  0
1401 564   0   7  88   9  0  0
1402 660   0  10   0   0  1  0
1403 564   0  11  87  12  0  0
1404 212   2   0   0   6  0  0
1405 564   0   7  90   9  0  0
1406 660   0  10   0   0  1  0
1407 564   0  11  89  12  0  0
1408 212   0   0   0   6  0  0
1409 564   0   0   0   9  0  0
1410 93600   0   0   0   0  0  0
1411  10   0   0   0   0  0  1
1412  25   0   0   0   1  0  0
1413 262   1   0   0   2  0  0
1414 763   0   5   4   3  0  0
1415 212   2   0   0   6  0  0
1416 564   0   7  84   9  0  0
1417 660   0  10   0   0  1  0
1418 564   0  11  83  12  0  0
1419 212   2   0   0   6  0  0
1420 564   0   7  86   9  0  0
1421 660   0  10   0   0  1  0
1422 564   0  11  85  12  0  0
1423 212   0   0   0   6  0  0
1424 564   0   0   0   9  0  0
1425 93600   0   0   0   0  0  0
1426  10   0   0   0   0  0  1
1427  25   0   0   0   1  0  0
1428 262   1   0   0   2  0  0
1429 763   0   5   4   3  0  0
1430 212   2   0   0   6  0  0
1431 564   0   7  84   9  0  0
1432 660   0  10   0   0  1  0
1433 564   0  11  83  12  0  0
1434 212   2   0   0   6  0  0
1435 564   0   7  86   9  0  0
1436 660   0  10   0   0  1  0
1437 564   0  11  85  12  0  0
1438 212   0   0   0   6  0  0
1439 564   0   0   0   9  0  0
1440 93600   0   0   0   0  0  0
1441  10   0   0   0   0  0  1
1442  25   0   0   0   1  0  0
1443 262   1   0   0   2  0  0
1444 763   0   5   4   3  0  0
1445 212   2   0   0   6  0  0
1446 564   0   7  80   9  0  0
1447 660   0  10   0   0  1  0
1448 564   0  11  79  12  0  0
1449 212   2   0   0   6  0  0
1450 564   0   7  82   9  0  0
1451 660   0  10   0   0  1  0
1452 564   0  11  81  12  0  0
1453 212   0   0   0   6  0  0
1454 564   0   0   0   9  0  0
1455 93600   0   0   0   0  0  0
1456  10   0   0   0   0  0  1
1457  25   0   0   0   1  0  0
1458 262   1   0   0   2  0  0
1459 763   0   5   4   3  0  0
1460 212   2   0   0   6  0  0
1461 564   0   7  80   9  0  0
1462 660   0  10   0   0  1  0
1463 564   0  11  79  12  0  0
1464 212   2   0   0   6  0  0
1465 564   0   7  82   9  0  0
1466 660   0  10   0   0  1  0
1467 564   0  11  81  12  0  0
1468 212   0   0   0   6  0  0
1469 564   0   0   0   9  0  0
1470 93600   0   0   0   0  0  0
1471  10   0   0   0   0  0  1
1472  25   0   0   0   1  0  0
1473 262   1   0   0   2  0  0
1474 763   0   5   4   3  0  0
1475 212   2   0   0   6  0  0
1476 564   0   7  76   9  0  0
1477 660   0  10   0   0  1  0
1478 564   0  11  75  12  0  0
1479 212   2   0   0   6  0  0
1480 564   0   7  78   9  0  0
1481 660   0  10   0   0  1  0
1482 564   0  11  77  12  0  0
1483 212   0   0   0   6  0  0
1484 564   0   0   0   9  0  0
1485 93600   0   0   0   0  0  0
1486  10   0   0   0   0  0  1
1487  25   0   0   0   1  0  0
1488 262   1   0   0   2  0  0
1489 763   0   5   4   3  0  0
1490 212   2   0   0   6  0  0
1491 564   0   7  76   9  0  0
1492 660   0  10   0   0  1  0
1493 564   0  11  75  12  0  0
1494 212   2   0   0   6  0  0
1495 564   0   7  78   9  0  0
1496 660   0  10   0   0  1  0
1497 564   0  11  77  12  0  0
1498 212   0   0   0   6  0  0
1499 564   0   0   0   9  0  0
1500 93600   0   0   0   0  0  0
1501  10   0   0   0   0  0  1
1502  25   0   0   0   1  0  0
1503 262   1   0   0   2  0  0
1504 763   0   5   4   3  0  0
1505 212   2   0   0   6  0  0
1506 564   0   7  72   9  0  0
1507 660   0  10   0   0  1  0
1508 564   0  11  71  12  0  0
1509 212   2   0   0   6  0  0
1510 564   0   7  74   9  0  0
1511 660   0  10   0   0  1  0
1512 564   0  11  73  12  0  0
1513 212   0   0   0   6  0  0
1514 564   0   0   0   9  0  0
1515 93600   0   0   0   0  0  0
1516  10   0   0   0   0  0  1
1517  25   0   0   0   1  0  0
1518 262   1   0   0   2  0  0
1519 763   0   5   4   3  0  0
1520 212   2   0   0   6  0  0
1521 564   0   7  72   9  0  0
1522 660   0  10   0   0  1  0
1523 564   0  11  71  12  0  0
1524 212   2   0   0   6  0  0
1525 564   0   7  74   9  0  0
1526 660   0  10   0   0  1  0
1527 564   0  11  73  12  0  0
1528 212   0   0   0   6  0  0
1529 564   0   0   0   9  0  0
1530 93600   0   0   0   0  0  0
1531  10   0   0   0   0  0  1
1532  25   0   0   0   1  0  0
1533 262   1   0   0   2  0  0
1534 763   0   5   4   3  0  0
1535 212   2   0   0   6  0  0
1536 564   0   7  68   9  0  0
1537 660   0  10   0   0  1  0
1538 564   0  11  67  12  0  0
1539 212   2   0   0   6  0  0
1540 564   0   7  70   9  0  0
1541 660   0  10   0   0  1  0
1542 564   0  11  69  12  0  0
1543 212   0   0   0   6  0  0
1544 564   0   0   0   9  0  0
1545 93600   0   0   0   0  0  0
1546  10   0   0   0   0  0  1
1547  25   0   0   0   1  0  0
1548 262   1   0   0   2  0  0
1549 763   0   5   4   3  0  0
1550 212   2   0   0   6  0  0
1551 564   0   7  68   9  0  0
1552 660   0  10   0   0  1  0
1553 564   0  11  67  12  0  0
1554 212   2   0   0   6  0  0
1555 564   0   7  70   9  0  0
1556 660   0  10   0   0  1  0
1557 564   0  11  69  12  0  0
1558 212   0   0   0   6  0  0
1559 564   0   0   0   9  0  0
1560 93600   0   0   0   0  0  0
1561  10   0   0   0   0  0  1
1562  25   0   0   0   1  0  0
1563 262   1   0   0   2  0  0
1564 763   0   5   4   3  0  0
1565 212   2   0   0   6  0  0
1566 564   0   7  64   9  0  0
1567 660   0  10   0   0  1  0
1568 564   0  11  63  12  0  0
1569 212   2   0   0   6  0  0
1570 564   0   7  66   9  0  0
1571 660   0  10   0   0  1  0
1572 564   0  11  65  12  0  0
1573 212   0   0   0   6  0  0
1574 564   0   0   0   9  0  0
1575 93600   0   0   0   0  0  0
1576  10   0   0   0   0  0  1
1577  25   0   0   0   1  0  0
1578 262   1   0   0   2  0  0
1579 763   0   5   4   3  0  0
1580 212   2   0   0   6  0  0
1581 564   0   7  64   9  0  0
1582 660   0  10   0   0  1  0
1583 564   0  11  63  12  0  0
1584 212   2   0   0   6  0  0
1585 564   0   7  66   9  0  0
1586 660   0  10   0   0  1  0
1587 564   0  11  65  12  0  0
1588 212   0   0   0   6  0  0
1589 564   0   0   0   9  0  0
1590 93600   0   0   0   0  0  0
1591  10   0   0   0   0  0  1
1592  25   0   0   0   1  0  0
1593 262   1   0   0   2  0  0
1594 763   0   5   4   3  0  0
1595 212   2   0   0   6  0  0
1596 564   0   7  60   9  0  0
1597 660   0  10   0   0  1  0
1598 564   0  11  59  12  0  0
1599 212   2   0   0   6  0  0
1600 564   0   7  62   9  0  0
1601 660   0  10   0   0  1  0
1602 564   0  11  61  12  0  0
1603 212   0   0   0   6  0  0
1604 564   0   0   0   9  0  0
1605 93600   0   0   0   0  0  0
1606  10   0   0   0   0  0  1
1607  25   0   0   0   1  0  0
1608 262   1   0   0   2  0  0
1609 763   0   5   4   3  0  0
1610 212   2   0   0   6  0  0
1611 564   0   7  60   9  0  0
1612 660   0  10   0   0  1  0
1613 564   0  11  59  12  0  0
1614 212   2   0   0   6  0  0
1615 564   0   7  62   9  0  0
1616 660   0  10   0   0  1  0
1617 564   0  11  61  12  0  0
1618 212   0   0   0   6  0  0
1619 564   0   0   0   9  0  0
1620 93600   0   0   0   0  0  0
1621  10   0   0   0   0  0  1
1622  25   0   0   0   1  0  0
1623 262   1   0   0   2  0  0
1624 763   0   5   4   3  0  0
1625 212   2   0   0   6  0  0
1626 564   0   7  56   9  0  0
1627 660   0  10   0   0  1  0
1628 564   0  11  55  12  0  0
1629 212   2   0   0   6  0  0
1630 564   0   7  58   9  0  0
1631 660   0  10   0   0  1  0
1632 564   0  11  57  12  0  0
1633 212   0   0   0   6  0  0
1634 564   0   0   0   9  0  0
1635 93600   0   0   0   0  0  0
1636  10   0   0   0   0  0  1
1637  25   0   0   0   1  0  0
1638 262   1   0   0   2  0  0
1639 763   0   5   4   3  0  0
1640 212   2   0   0   6  0  0
1641 564   0   7  56   9  0  0
1642 660   0  10   0   0  1  0
1643 564   0  11  55  12  0  0
1644 212   2   0   0   6  0  0
1645 564   0   7  58   9  0  0
1646 660   0  10   0   0  1  0
1647 564   0  11  57  12  0  0
1648 212   0   0   0   6  0  0
1649 564   0   0   0   9  0  0
1650 93600   0   0   0   0  0  0
1651  10   0   0   0   0  0  1
1652  25   0   0   0   1  0  0
1653 262   1   0   0   2  0  0
1654 763   0   5   4   3  0  0
1655 212   2   0   0   6  0  0
1656 564   0   7  52   9  0  0
1657 660   0  10   0   0  1  0
1658 564   0  11  51  12  0  0
1659 212   2   0   0   6  0  0
1660 564   0   7  54   9  0  0
1661 660   0  10   0   0  1  0
1662 564   0  11  53  12  0  0
1663 212   0   0   0   6  0  0
1664 564   0   0   0   9  0  0
1665 93600   0   0   0   0  0  0
1666  10   0   0   0   0  0  1
1667  25   0   0   0   1  0  0
1668 262   1   0   0   2  0  0
1669 763   0   5   4   3  0  0
1670 212   2   0   0   6  0  0
1671 564   0   7  52   9  0  0
1672 660   0  10   0   0  1  0
1673 564   0  11  51  12  0  0
1674 212   2   0   0   6  0  0
1675 564   0   7  54   9  0  0
1676 660   0  10   0   0  1  0
1677 564   0  11  53  12  0  0
1678 212   0   0   0   6  0  0
1679 564   0   0   0   9  0  0
1680 93600   0   0   0   0  0  0
1681  10   0   0   0   0  0  1
1682  25   0   0   0   1  0  0
1683 262   1   0   0   2  0  0
1684 763   0   5   4   3  0  0
1685 212   2   0   0   6  0  0
1686 564   0   7  48   9  0  0
1687 660   0  10   0   0  1  0
1688 564   0  11  47  12  0  0
1689 212   2   0   0   6  0  0
1690 564   0   7  50   9  0  0
1691 660   0  10   0   0  1  0
1692 564   0  11  49  12  0  0
1693 212   0   0   0   6  0  0
1694 564   0   0   0   9  0  0
1695 93600   0   0   0   0  0  0
1696  10   0   0   0   0  0  1
1697  25   0   0   0   1  0  0
1698 262   1   0   0   2  0  0
1699 763   0   5   4   3  0  0
1700 212   2   0   0   6  0  0
1701 564   0   7  48   9  0  0
1702 660   0  10   0   0  1  0
1703 564   0  11  47  12  0  0
1704 212   2   0   0   6  0  0
1705 564   0   7  50   9  0  0
1706 660   0  10   0   0  1  0
1707 564   0  11  49  12  0  0
1708 212   0   0   0   6  0  0
1709 564   0   0   0   9  0  0
1710 93600   0   0   0   0  0  0
1711  10   0   0   0   0  0  1
1712  25   0   0   0   1  0  0
1713 262   1   0   0   2  0  0
1714 763   0   5   4   3  0  0
1715 212   2   0   0   6  0  0
1716 564   0   7  44   9  0  0
1717 660   0  10   0   0  1  0
1718 564   0  11  43  12  0  0
1719 212   2   0   0   6  0  0
1720 564   0   7  46   9  0  0
1721 660   0  10   0   0  1  0
1722 564   0  11  45  12  0  0
1723 212   0   0   0   6  0  0
1724 564   0   0   0   9  0  0
1725 93600   0   0   0   0  0  0
1726  10   0   0   0   0  0  1
1727  25   0   0   0   1  0  0
1728 262   1   0   0   2  0  0
1729 763   0   5   4   3  0  0
1730 212   2   0   0   6  0  0
1731 564   0   7  44   9  0  0
1732 660   0  10   0   0  1  0
1733 564   0  11  43  12  0  0
1734 212   2   0   0   6  0  0
1735 564   0   7  46   9  0  0
1736 660   0  10   0   0  1  0
1737 564   0  11  45  12  0  0
1738 212   0   0   0   6  0  0
1739 564   0   0   0   9  0  0
1740 93600   0   0   0   0  0  0
1741  10   0   0   0   0  0  1
1742  25   0   0   0   1  0  0
1743 262   1   0   0   2  0  0
1744 763   0   5   4   3  0  0
1745 212   2   0   0   6  0  0
1746 564   0   7  40   9  0  0
1747 660   0  10   0   0  1  0
1748 564   0  11  39  12  0  0
1749 212   2   0   0   6  0  0
1750 564   0   7  42   9  0  0
1751 660   0  10   0   0  1  0
1752 564   0  11  41  12  0  0
1753 212   0   0   0   6  0  0
1754 564   0   0   0   9  0  0
1755 93600   0   0   0   0  0  0
1756  10   0   0   0   0  0  1
1757  25   0   0   0   1  0  0
1758 262   1   0   0   2  0  0
1759 763   0   5   4   3  0  0
1760 212   2   0   0   6  0  0
1761 564   0   7  40   9  0  0
1762 660   0  10   0   0  1  0
1763 564   0  11  39  12  0  0
1764 212   2   0   0   6  0  0
1765 564   0   7  42   9  0  0
1766 660   0  10   0   0  1  0
1767 564   0  11  41  12  0  0
1768 212   0   0   0   6  0  0
1769 564   0   0   0   9  0  0
1770 93600   0   0   0   0  0  0
1771  10   0   0   0   0  0  1
1772  25   0   0   0   1  0  0
1773 262   1   0   0   2  0  0
1774 763   0   5   4   3  0  0
1775 212   2   0   0   6  0  0
1776 564   0   7  36   9  0  0
1777 660   0  10   0   0  1  0
1778 564   0  11  35  12  0  0
1779 212   2   0   0   6  0  0
1780 564   0   7  38   9  0  0
1781 660   0  10   0   0  1  0
1782 564   0  11  37  12  0  0
1783 212   0   0   0   6  0  0
1784 564   0   0   0   9  0  0
1785 93600   0   0   0   0  0  0
1786  10   0   0   0   0  0  1
1787  25   0   0   0   1  0  0
1788 262   1   0   0   2  0  0
1789 763   0   5   4   3  0  0
1790 212   2   0   0   6  0  0
1791 564   0   7  36   9  0  0
1792 660   0  10   0   0  1  0
1793 564   0  11  35  12  0  0
1794 212   2   0   0   6  0  0
1795 564   0   7  38   9  0  0
1796 660   0  10   0   0  1  0
1797 564   0  11  37  12  0  0
1798 212   0   0   0   6  0  0
1799 564   0   0   0   9  0  0
1800 93600   0   0   0   0  0  0
1801  10   0   0   0   0  0  1
1802  25   0   0   0   1  0  0
1803 262   1   0   0   2  0  0
1804 763   0   5   4   3  0  0
1805 212   2   0   0   6  0  0
1806 564   0   7  32   9  0  0
1807 660   0  10   0   0  1  0
1808 564   0  11  31  12  0  0
1809 212   2   0   0   6  0  0
1810 564   0   7  34   9  0  0
1811 660   0  10   0   0  1  0
1812 564   0  11  33  12  0  0
1813 212   0   0   0   6  0  0
1814 564   0   0   0   9  0  0
1815 93600   0   0   0   0  0  0
1816  10   0   0   0   0  0  1
1817  25   0   0   0   1  0  0
1818 262   1   0   0   2  0  0
1819 763   0   5   4   3  0  0
1820 212   2   0   0   6  0  0
1821 564   0   7  32   9  0  0
1822 660   0  10   0   0  1  0
1823 564   0  11  31  12  0  0
1824 212   2   0   0   6  0  0
1825 564   0   7  34   9  0  0
1826 660   0  10   0   0  1  0
1827 564   0  11  33  12  0  0
1828 212   0   0   0   6  0  0
1829 564   0   0   0   9  0  0
1830 93600   0   0   0   0  0  0
1831  10   0   0   0   0  0  1
1832  25   0   0   0   1  0  0
1833 262   1   0   0   2  0  0
1834 763   0   5   4   3  0  0
1835 212   2   0   0   6  0  0
1836 564   0   7  28   9  0  0
1837 660   0  10   0   0  1  0
1838 564   0  11  27  12  0  0
1839 212   2   0   0   6  0  0
1840 564   0   7  30   9  0  0
1841 660   0  10   0   0  1  0
1842 564   0  11  29  12  0  0
1843 212   0   0   0   6  0  0
1844 564   0   0   0   9  0  0
1845 93600   0   0   0   0  0  0
1846  10   0   0   0   0  0  1
1847  25   0   0   0   1  0  0
1848 262   1   0   0   2  0  0
1849 763   0   5   4   3  0  0
1850 212   2   0   0   6  0  0
1851 564   0   7  28   9  0  0
1852 660   0  10   0   0  1  0
1853 564   0  11  27  12  0  0
1854 212   2   0   0   6  0  0
1855 564   0   7  30   9  0  0
1856 660   0  10   0   0  1  0
1857 564   0  11  29  12  0  0
1858 212   0   0   0   6  0  0
1859 564   0   0   0   9  0  0
1860 93600   0   0   0   0  0  0
1861  10   0   0   0   0  0  1
1862  25   0   0   0   1  0  0
1863 262   1   0   0   2  0  0
1864 763   0   5   4   3  0  0
1865 212   2   0   0   6  0  0
1866 564   0   7  24   9  0  0
1867 660   0  10   0   0  1  0
1868 564   0  11  23  12  0  0
1869 212   2   0   0   6  0  0
1870 564   0   7  26   9  0  0
1871 660   0  10   0   0  1  0
1872 564   0  11  25  12  0  0
1873 212   0   0   0   6  0  0
1874 564   0   0   0   9  0  0
1875 93600   0   0   0   0  0  0
1876  10   0   0   0   0  0  1
1877  25   0   0   0   1  0  0
1878 262   1   0   0   2  0  0
1879 763   0   5   4   3  0  0
1880 212   2   0   0   6  0  0
1881 564   0   7  24   9  0  0
1882 660   0  10   0   0  1  0
1883 564   0  11  23  12  0  0
1884 212   2   0   0   6  0  0
1885 564   0   7  26   9  0  0
1886 660   0  10   0   0  1  0
1887 564   0  11  25  12  0  0
1888 212   0   0   0   6  0  0
1889 564   0   0   0   9  0  0
1890 93600   0   0   0   0  0  0
1891  10   0   0   0   0  0  1
1892  25   0   0   0   1  0  0
1893 262   1   0   0   2  0  0
1894 763   0   5   4   3  0  0
1895 212   2   0   0   6  0  0
1896 564   0   7  20   9  0  0
1897 660   0  10   0   0  1  0
1898 564   0  11  19  12  0  0
1899 212   2   0   0   6  0  0
1900 564   0   7  22   9  0  0
1901 660   0  10   0   0  1  0
1902 564   0  11  21  12  0  0
1903 212   0   0   0   6  0  0
1904 564   0   0   0   9  0  0
1905 93600   0   0   0   0  0  0
1906  10   0   0   0   0  0  1
1907  25   0   0   0   1  0  0
1908 262   1   0   0   2  0  0
1909 763   0   5   4   3  0  0
1910 212   2   0   0   6  0  0
1911 564   0   7  20   9  0  0
1912 660   0  10   0   0  1  0
1913 564   0  11  19  12  0  0
1914 212   2   0   0   6  0  0
1915 564   0   7  22   9  0  0
1916 660   0  10   0   0  1  0
1917 564   0  11  21  12  0  0
1918 212   0   0   0   6  0  0
1919 564   0   0   0   9  0  0
1920 93600   0   0   0   0  0  0
1921  10   0   0   0   0  0  1
1922  25   0   0   0   1  0  0
1923 262   1   0   0   2  0  0
1924 763   0   5   4   3  0  0
1925 212   2   0   0   6  0  0
1926 564   0   7  16   9  0  0
1927 660   0  10   0   0  1  0
1928 564   0  11  15  12  0  0
1929 212   2   0   0   6  0  0
1930 564   0   7  18   9  0  0
1931 660   0  10   0   0  1  0
1932 564   0  11  17  12  0  0
1933 212   0   0   0   6  0  0
1934 564   0   0   0   9  0  0
1935 93600   0   0   0   0  0  0
1936  10   0   0   0   0  0  1
1937  25   0   0   0   1  0  0
1938 262   1   0   0   2  0  0
1939 763   0   5   4   3  0  0
1940 212   2   0   0   6  0  0
1941 564   0   7  16   9  0  0
1942 660   0  10   0   0  1  0
1943 564   0  11  15  12  0  0
1944 212   2   0   0   6  0  0
1945 564   0   7  18   9  0  0
1946 660   0  10   0   0  1  0
1947 564   0  11  17  12  0  0
1948 212   0   0   0   6  0  0
1949 564   0   0   0   9  0  0
1950 93600   0   0   0   0  0  0
1951  10   0   0   0   0  0  1
